 0.000000  0.000000  0.253214
 0.027957  0.000000  0.263068
 0.013803  0.023838  0.259042
-0.013383  0.023093  0.250468
-0.026002  0.000000  0.243019
-0.013101 -0.022614  0.245483
 0.013561 -0.023432  0.254860
 0.056057  0.000000  0.261118
0.047634  0.027421  0.255191
0.027407  0.047332  0.254338
0.000000  0.055305  0.257943
-0.026978  0.046612  0.250708
-0.045136  0.025980  0.241716
-0.051161  0.000000  0.237272
-0.043667 -0.025124  0.233514
-0.025586 -0.044202  0.237691
0.000000 -0.051857  0.241622
0.026610 -0.045982  0.247384
0.047191 -0.027180  0.253217
0.082945  0.000000  0.252939
0.075973  0.025996  0.243505
0.062173  0.048195  0.238267
0.042631  0.064962  0.235416
0.019506  0.076775  0.240867
-0.006749  0.081311  0.249062
-0.032016  0.072800  0.242178
-0.052016  0.056303  0.232617
-0.066129  0.035665  0.227852
-0.073359  0.012204  0.225601
-0.073477 -0.012229  0.226283
-0.065005 -0.035070  0.224209
-0.050382 -0.054594  0.226094
-0.030158 -0.068625  0.228652
-0.006185 -0.074453  0.227630
0.018615 -0.073309  0.230296
0.042399 -0.064724  0.235489
0.062001 -0.048105  0.238300
0.076082 -0.026047  0.244282
0.106217  0.000000  0.235821
0.101807  0.027213  0.233839
0.088214  0.050739  0.225003
0.070531  0.070221  0.219883
0.049705  0.085700  0.219037
0.026041  0.096763  0.221831
0.000000  0.103719  0.230419
-0.027295  0.101647  0.234184
-0.051983  0.089840  0.230817
-0.071257  0.071066  0.223378
-0.085233  0.049080  0.218197
-0.093624  0.025021  0.214887
-0.096715  0.000000  0.214399
-0.093687 -0.025031  0.214882
-0.084015 -0.048360  0.214816
-0.068201 -0.067992  0.213524
-0.048714 -0.084208  0.216468
-0.024873 -0.092564  0.212919
0.000000 -0.095002  0.210603
0.025331 -0.094258  0.216761
0.049875 -0.086148  0.221078
0.071494 -0.071284  0.223936
0.089860 -0.051758  0.230244
0.100339 -0.026802  0.229909
0.128954  0.000000  0.221045
0.122940  0.026047  0.214485
0.112644  0.049973  0.210180
0.098525  0.071352  0.207817
0.079545  0.087984  0.202287
0.059882  0.103334  0.204034
0.037541  0.115110  0.206981
0.013106  0.124344  0.214227
-0.013371  0.126913  0.218879
-0.039581  0.121529  0.219178
-0.063533  0.109805  0.217576
-0.082685  0.091590  0.211276
-0.096819  0.070118  0.204228
-0.109501  0.048660  0.205434
-0.116062  0.024618  0.203226
-0.117815  0.000000  0.201225
-0.116491 -0.024686  0.203350
-0.109889 -0.048781  0.205447
-0.096067 -0.069538  0.202301
-0.079533 -0.088065  0.202962
-0.058754 -0.101445  0.200567
-0.036155 -0.110916  0.199651
-0.012092 -0.114570  0.196779
0.012294 -0.116565  0.200533
0.036395 -0.111581  0.200558
0.059800 -0.103228  0.203992
0.081157 -0.089858  0.207065
0.098817 -0.071553  0.208332
0.113970 -0.050601  0.213168
0.123109 -0.026090  0.214938
0.148384  0.000000  0.202024
0.141998  0.025675  0.195396
0.133388  0.049874  0.192879
0.119813  0.071314  0.188902
0.103347  0.089954  0.185774
0.085894  0.107382  0.186937
0.065290  0.120905  0.186649
0.042737  0.130941  0.186752
0.019087  0.140342  0.192306
-0.006731  0.149643  0.204495
-0.032989  0.144117  0.201258
-0.058191  0.135772  0.201092
-0.080793  0.122085  0.199319
-0.098964  0.103206  0.194386
-0.111568  0.080717  0.186400
-0.122719  0.058861  0.184215
-0.133336  0.036708  0.188040
-0.139655  0.012547  0.191042
-0.140213 -0.012588  0.191410
-0.135401 -0.037234  0.190230
-0.129361 -0.062129  0.195035
-0.113871 -0.082420  0.190519
-0.097328 -0.101499  0.191155
-0.076300 -0.115211  0.187772
-0.054156 -0.126284  0.186793
-0.030653 -0.133838  0.186660
-0.006274 -0.139337  0.189992
0.018568 -0.136603  0.187428
0.042810 -0.131317  0.187790
0.065893 -0.122072  0.188633
0.087175 -0.108997  0.189780
0.104276 -0.090741  0.187293
0.119877 -0.071337  0.188870
0.134773 -0.050444  0.195518
0.143362 -0.025947  0.197926
0.162594  0.000000  0.177824
0.162859  0.025729  0.180819
0.152146  0.049239  0.174614
0.141783  0.072017  0.174171
0.125880  0.091158  0.170213
0.109292  0.108984  0.169334
0.090907  0.124777  0.169481
0.070783  0.138500  0.170697
0.048344  0.148180  0.170681
0.025011  0.157293  0.174521
0.000000  0.167114  0.183979
-0.026043  0.163965  0.182391
-0.050308  0.154163  0.177503
-0.074248  0.145200  0.178749
-0.094683  0.129817  0.175889
-0.114845  0.114558  0.178129
-0.126727  0.091687  0.170861
-0.138453  0.070261  0.169570
-0.148372  0.048052  0.170680
-0.156492  0.024733  0.173983
-0.158924  0.000000  0.174296
-0.158543 -0.025039  0.175835
-0.154084 -0.049903  0.177266
-0.143042 -0.072578  0.175090
-0.128546 -0.092977  0.173142
-0.112120 -0.111705  0.173221
-0.092192 -0.126429  0.171372
-0.070553 -0.137906  0.169570
-0.048872 -0.149941  0.173095
-0.025268 -0.159202  0.177399
0.000000 -0.159310  0.175032
0.024433 -0.153638  0.170454
0.048044 -0.147310  0.169817
0.071119 -0.139188  0.171638
0.091265 -0.125205  0.169866
0.109174 -0.108758  0.168606
0.126310 -0.091457  0.170718
0.139851 -0.071000  0.171515
0.153043 -0.049595  0.176404
0.161766 -0.025563  0.179769
0.176266  0.000000  0.155881
0.176203  0.024670  0.157554
0.172171  0.049223  0.159019
0.161051  0.071485  0.156468
0.146326  0.091137  0.153043
0.131232  0.109822  0.152242
0.114647  0.127041  0.152476
0.096772  0.143189  0.154156
0.076879  0.157310  0.156198
0.053461  0.163872  0.153044
0.030236  0.170695  0.153764
0.006279  0.179276  0.159700
-0.019137  0.181655  0.162903
-0.043641  0.174469  0.160010
-0.067091  0.165487  0.158767
-0.087482  0.150836  0.154542
-0.107169  0.136565  0.153814
-0.125852  0.121082  0.154940
-0.140255  0.101479  0.153318
-0.152136  0.080542  0.152288
-0.162676  0.058992  0.153346
-0.169569  0.035926  0.153756
-0.176910  0.012348  0.158067
-0.175412 -0.012230  0.156103
-0.174512 -0.036984  0.158402
-0.169061 -0.061338  0.159626
-0.160483 -0.085108  0.161562
-0.143423 -0.103821  0.157034
-0.125205 -0.120435  0.154043
-0.106236 -0.135460  0.152785
-0.086475 -0.149243  0.153239
-0.066057 -0.163036  0.156627
-0.042756 -0.170906  0.156703
-0.018871 -0.179159  0.160686
0.006141 -0.175238  0.155919
0.030064 -0.169846  0.153266
0.053142 -0.163010  0.152496
0.074756 -0.152790  0.151299
0.095314 -0.140901  0.151366
0.112531 -0.124487  0.148836
0.129762 -0.108476  0.150009
0.144320 -0.089834  0.150645
0.159177 -0.070675  0.154800
0.170333 -0.048729  0.157659
0.175398 -0.024574  0.157162
0.192059  0.000000  0.137218
0.193676  0.024898  0.139903
0.186182  0.048641  0.137547
0.177099  0.071455  0.136670
0.165359  0.092876  0.136066
0.149610  0.111345  0.133810
0.133270  0.128714  0.133018
0.116497  0.145732  0.134107
0.097597  0.160578  0.135041
0.077147  0.173817  0.136685
0.054320  0.182429  0.136638
0.030270  0.186456  0.135333
0.006155  0.191230  0.137287
-0.019114  0.197898  0.143440
-0.043561  0.190445  0.140630
-0.067040  0.181748  0.139359
-0.088197  0.168540  0.136563
-0.107644  0.153765  0.134518
-0.127579  0.140073  0.135986
-0.146127  0.124109  0.137767
-0.158669  0.102906  0.135326
-0.169786  0.081426  0.134480
-0.179750  0.059467  0.135402
-0.189823  0.036903  0.139089
-0.190080  0.012172  0.136584
-0.192288 -0.012318  0.138373
-0.190750 -0.037059  0.139466
-0.185450 -0.061401  0.140061
-0.178893 -0.085985  0.142733
-0.162926 -0.105758  0.139349
-0.145437 -0.123446  0.136837
-0.126714 -0.139114  0.135032
-0.106794 -0.152571  0.133521
-0.087385 -0.166955  0.135216
-0.067237 -0.182282  0.139775
-0.043737 -0.191141  0.141011
-0.019074 -0.197320  0.142747
0.006240 -0.194052  0.139577
0.030399 -0.187449  0.136406
0.053486 -0.179728  0.134793
0.074873 -0.168659  0.132551
0.096652 -0.159140  0.134050
0.114227 -0.142779  0.131148
0.131539 -0.126929  0.130903
0.148744 -0.110665  0.132901
0.164896 -0.092661  0.135906
0.177099 -0.071548  0.137261
0.184409 -0.048216  0.136597
0.189502 -0.024348  0.136639
0.210557  0.000000  0.119988
0.213595  0.025898  0.123107
0.200368  0.049184  0.117047
0.193345  0.073091  0.117624
0.184599  0.096734  0.119234
0.169127  0.116561  0.117548
0.150175  0.132691  0.114335
0.133143  0.149884  0.114407
0.114467  0.165330  0.114686
0.094073  0.178624  0.115057
0.073263  0.192684  0.117774
0.049170  0.198867  0.116905
0.024616  0.202022  0.116054
0.000000  0.205297  0.117267
-0.025356  0.208581  0.120463
-0.049537  0.200574  0.118203
-0.073414  0.193272  0.118397
-0.094885  0.180432  0.116617
-0.113826  0.164439  0.114124
-0.134780  0.151866  0.116166
-0.152037  0.134379  0.115874
-0.168475  0.115982  0.116670
-0.182527  0.095524  0.117391
-0.193591  0.073214  0.117932
-0.205695  0.050651  0.121403
-0.204383  0.024754  0.117381
-0.206921  0.000000  0.118148
-0.207439 -0.025141  0.119405
-0.205313 -0.050514  0.120849
-0.199368 -0.075477  0.121871
-0.187725 -0.098329  0.121080
-0.170677 -0.117502  0.118202
-0.153154 -0.135367  0.116730
-0.133628 -0.150450  0.114878
-0.114258 -0.165071  0.114575
-0.095090 -0.180706  0.116621
-0.074262 -0.195338  0.119437
-0.050657 -0.204957  0.120589
-0.025640 -0.210603  0.121216
0.000000 -0.210613  0.120369
0.024942 -0.204858  0.117891
0.048568 -0.196512  0.115626
0.071389 -0.187822  0.114890
0.093940 -0.178741  0.115677
0.114048 -0.164924  0.114716
0.131560 -0.148049  0.112915
0.148770 -0.131348  0.112982
0.167330 -0.115231  0.115995
0.181975 -0.095308  0.117338
0.191875 -0.072571  0.116916
0.201044 -0.049421  0.117992
0.210102 -0.025467  0.120960
0.225287  0.000000  0.098848
0.227943  0.026102  0.101036
0.219901  0.050989  0.099147
0.209648  0.074567  0.097664
0.200883  0.098596  0.098670
0.185088  0.118722  0.096926
0.167134  0.136313  0.094904
0.150420  0.154388  0.094891
0.132396  0.171244  0.095289
0.111534  0.184315  0.094655
0.091433  0.199697  0.096750
0.068566  0.210590  0.097702
0.043375  0.213453  0.095918
0.018654  0.216599  0.095785
-0.006285  0.219589  0.096976
-0.031369  0.217799  0.097161
-0.054914  0.208279  0.094807
-0.080175  0.205701  0.097609
-0.101041  0.191138  0.095401
-0.120417  0.175712  0.093885
-0.139665  0.160858  0.093925
-0.159194  0.145877  0.095305
-0.174911  0.126753  0.095037
-0.189242  0.106512  0.095286
-0.205396  0.086599  0.098098
-0.215504  0.063153  0.098927
-0.222808  0.038513  0.099846
-0.222752  0.012715  0.098315
-0.220722 -0.012588  0.097168
-0.220657 -0.038097  0.098511
-0.218885 -0.064156  0.100536
-0.212590 -0.089726  0.101879
-0.196994 -0.111010  0.099593
-0.179129 -0.129828  0.097374
-0.159871 -0.146359  0.095409
-0.139622 -0.160650  0.093593
-0.121149 -0.176683  0.094289
-0.102940 -0.194701  0.097144
-0.081723 -0.209480  0.099197
-0.057824 -0.219457  0.100037
-0.032625 -0.226412  0.100896
-0.006458 -0.225466  0.099398
0.018866 -0.218913  0.096659
0.043259 -0.212835  0.095590
0.066795 -0.205008  0.094954
0.089877 -0.196367  0.095211
0.112479 -0.186222  0.096042
0.132542 -0.171537  0.095588
0.150768 -0.154743  0.095103
0.167662 -0.136702  0.095107
0.182913 -0.117187  0.095414
0.198014 -0.097105  0.096987
0.211158 -0.075188  0.098723
0.220495 -0.051176  0.099722
0.223974 -0.025628  0.099056
0.237452  0.000000  0.075710
0.241466  0.026648  0.077845
0.241926  0.054148  0.079872
0.226723  0.077613  0.076834
0.216961  0.102201  0.077154
0.200405  0.122927  0.075578
0.184326  0.143203  0.075113
0.166768  0.161936  0.074816
0.147262  0.178389  0.074363
0.126603  0.193236  0.074195
0.105655  0.208291  0.075118
0.080933  0.215474  0.073895
0.057102  0.224977  0.074691
0.031618  0.227418  0.073839
0.006323  0.228781  0.073593
-0.019281  0.232300  0.075118
-0.044772  0.228740  0.075049
-0.068863  0.219511  0.073901
-0.092175  0.209509  0.073509
-0.112705  0.194540  0.072105
-0.134282  0.182299  0.072833
-0.153759  0.166737  0.073029
-0.172146  0.149648  0.073413
-0.187238  0.129426  0.072965
-0.203049  0.109503  0.073844
-0.219152  0.088770  0.075841
-0.229273  0.064666  0.076437
-0.235639  0.039232  0.076713
-0.237722  0.013085  0.076424
-0.234944 -0.012918  0.075271
-0.234913 -0.039073  0.076228
-0.233576 -0.065871  0.077837
-0.225981 -0.091543  0.078225
-0.216198 -0.116807  0.079098
-0.195822 -0.135437  0.076454
-0.174501 -0.151507  0.074109
-0.154149 -0.166915  0.072863
-0.134090 -0.181809  0.072425
-0.116079 -0.200555  0.074496
-0.094730 -0.215396  0.075638
-0.071057 -0.226498  0.076252
-0.046277 -0.236315  0.077449
-0.019860 -0.239046  0.077145
0.006523 -0.235882  0.075806
0.032197 -0.231459  0.075058
0.056811 -0.223537  0.073994
0.080788 -0.214985  0.073647
0.105890 -0.208752  0.075281
0.129954 -0.198638  0.076521
0.147780 -0.178951  0.074537
0.166361 -0.161388  0.074402
0.181100 -0.140430  0.073334
0.196332 -0.120216  0.073612
0.212051 -0.099739  0.075041
0.225875 -0.077333  0.076576
0.234932 -0.052505  0.077187
0.234492 -0.025834  0.075181
0.251880  0.000000  0.052503
0.253885  0.027040  0.053384
0.249915  0.053870  0.053530
0.239876  0.079078  0.052866
0.234588  0.106306  0.054280
0.215649  0.126788  0.052590
0.196122  0.145275  0.051208
0.178189  0.164012  0.050829
0.158084  0.180022  0.050217
0.138099  0.195884  0.050240
0.116378  0.209294  0.050195
0.094595  0.223498  0.051005
0.069087  0.228286  0.050044
0.044910  0.237612  0.050893
0.018992  0.236437  0.049794
-0.006391  0.239203  0.050257
-0.032498  0.242021  0.051357
-0.058412  0.238358  0.051567
-0.083018  0.229367  0.051176
-0.105116  0.215214  0.050139
-0.125428  0.199538  0.049292
-0.146668  0.186187  0.049715
-0.165117  0.169037  0.049574
-0.184623  0.152663  0.050319
-0.202690  0.134094  0.051020
-0.221042  0.114591  0.052317
-0.230874  0.089949  0.051849
-0.240613  0.065380  0.052159
-0.247413  0.039728  0.052452
-0.250670  0.013316  0.052549
-0.248984 -0.013215  0.052052
-0.251060 -0.040305  0.053196
-0.246889 -0.067071  0.053485
-0.240862 -0.093859  0.054126
-0.226697 -0.117357  0.053409
-0.211906 -0.140163  0.053305
-0.189498 -0.156538  0.051481
-0.167717 -0.171552  0.050213
-0.146604 -0.185911  0.049525
-0.128182 -0.204150  0.050564
-0.107358 -0.220077  0.051418
-0.084024 -0.232228  0.051855
-0.058977 -0.240578  0.052007
-0.033724 -0.251360  0.053435
-0.006673 -0.249968  0.052613
0.019756 -0.246023  0.051848
0.045395 -0.239767  0.051159
0.070767 -0.233664  0.051140
0.097097 -0.229285  0.052266
0.124683 -0.224775  0.054210
0.143032 -0.202993  0.052129
0.160927 -0.183228  0.051092
0.181367 -0.166997  0.051798
0.193219 -0.142943  0.050240
0.207427 -0.121657  0.050181
0.222514 -0.100525  0.050971
0.235775 -0.077675  0.051847
0.247334 -0.053298  0.052922
0.249903 -0.026593  0.052402
0.272581  0.000000  0.028296
0.274018  0.028751  0.028667
0.266513  0.056526  0.028312
0.251573  0.081453  0.027365
0.238499  0.105808  0.027004
0.227040  0.130776  0.027226
0.204696  0.148168  0.026158
0.184818  0.165725  0.025675
0.165450  0.182987  0.025525
0.145755  0.199837  0.025622
0.125380  0.216478  0.025972
0.102254  0.229000  0.026060
0.076654  0.235076  0.025657
0.051939  0.243646  0.025895
0.026245  0.249035  0.026047
0.000000  0.250941  0.026079
-0.026296  0.249175  0.025980
-0.054051  0.253556  0.026951
-0.079579  0.243919  0.026592
-0.105507  0.236131  0.026832
-0.129199  0.223088  0.026768
-0.146881  0.201300  0.025787
-0.164051  0.181330  0.025261
-0.182249  0.163350  0.025283
-0.202768  0.146783  0.025918
-0.220485  0.126841  0.026332
-0.238107  0.105694  0.027009
-0.245653  0.079481  0.026659
-0.255443  0.054091  0.026994
-0.259781  0.027198  0.026988
-0.259107  0.000000  0.026698
-0.261326 -0.027345  0.027103
-0.259973 -0.055017  0.027417
-0.254189 -0.082219  0.027562
-0.246498 -0.109330  0.027889
-0.228603 -0.131401  0.027229
-0.209847 -0.151810  0.026768
-0.186964 -0.167508  0.025904
-0.167067 -0.184706  0.025743
-0.146072 -0.200137  0.025621
-0.125512 -0.216505  0.025921
-0.103510 -0.231670  0.026327
-0.079441 -0.243759  0.026638
-0.054228 -0.254624  0.027120
-0.027403 -0.260348  0.027307
0.000000 -0.258423  0.026906
0.027032 -0.256473  0.026815
0.053773 -0.252063  0.026746
0.081124 -0.248795  0.027159
0.109569 -0.245519  0.027978
0.133783 -0.231136  0.027772
0.153840 -0.211088  0.027115
0.173970 -0.192745  0.026993
0.188226 -0.168921  0.026220
0.198479 -0.143447  0.025235
0.219213 -0.126104  0.026177
0.234062 -0.103817  0.026481
0.250383 -0.081105  0.027275
0.253789 -0.053681  0.026723
0.262491 -0.027471  0.027235
0.285460  0.000000  0.000000
0.288187  0.030289  0.000000
0.277764  0.058981  0.000000
0.262532  0.085107  0.000000
0.246449  0.109395  0.000000
0.233283  0.134392  0.000000
0.211513  0.153202  0.000000
0.191455  0.171850  0.000000
0.170025  0.188188  0.000000
0.148918  0.204290  0.000000
0.128286  0.221658  0.000000
0.104808  0.234897  0.000000
0.079244  0.243289  0.000000
0.053133  0.249284  0.000000
0.026815  0.254384  0.000000
0.000000  0.260173  0.000000
-0.027525  0.261074  0.000000
-0.055629  0.260891  0.000000
-0.081644  0.250113  0.000000
-0.110193  0.246729  0.000000
-0.135337  0.233804  0.000000
-0.153718  0.210756  0.000000
-0.170543  0.188502  0.000000
-0.188490  0.168902  0.000000
-0.207336  0.149973  0.000000
-0.226612  0.130347  0.000000
-0.248158  0.110261  0.000000
-0.260869  0.084601  0.000000
-0.269686  0.057223  0.000000
-0.273608  0.028699  0.000000
-0.275267  0.000000  0.000000
-0.277883 -0.029147  0.000000
-0.278344 -0.059074  0.000000
-0.272538 -0.088421  0.000000
-0.259947 -0.115531  0.000000
-0.242600 -0.139786  0.000000
-0.220872 -0.160080  0.000000
-0.196593 -0.176426  0.000000
-0.174053 -0.192607  0.000000
-0.151217 -0.207294  0.000000
-0.128867 -0.222336  0.000000
-0.107680 -0.241342  0.000000
-0.082130 -0.252380  0.000000
-0.053551 -0.251174  0.000000
-0.026655 -0.252768  0.000000
0.000000 -0.257922  0.000000
0.027557 -0.261599  0.000000
0.056654 -0.266130  0.000000
0.086252 -0.265120  0.000000
0.114016 -0.255679  0.000000
0.138220 -0.238899  0.000000
0.160347 -0.220288  0.000000
0.178990 -0.198453  0.000000
0.195322 -0.175568  0.000000
0.209519 -0.151863  0.000000
0.226519 -0.130477  0.000000
0.244589 -0.108682  0.000000
0.262027 -0.085016  0.000000
0.268759 -0.056980  0.000000
0.278603 -0.029226  0.000000
0.276269  0.000000 -0.028661
0.276275  0.028973 -0.028859
0.263566  0.055804 -0.027839
0.254016  0.082197 -0.027577
0.241118  0.106897 -0.027239
0.230908  0.132955 -0.027656
0.213671  0.154900 -0.027439
0.193332  0.173717 -0.027040
0.171356  0.189885 -0.026603
0.149312  0.205033 -0.026382
0.125020  0.215830 -0.025886
0.100810  0.225516 -0.025597
0.078059  0.239504 -0.026171
0.053167  0.249458 -0.026526
0.027285  0.259082 -0.027137
0.000000  0.266757 -0.027823
-0.028400  0.269806 -0.028293
-0.056947  0.267388 -0.028477
-0.084526  0.259444 -0.028373
-0.113652  0.254879 -0.029093
-0.140201  0.242614 -0.029253
-0.161009  0.221253 -0.028512
-0.178927  0.198231 -0.027758
-0.196259  0.176194 -0.027373
-0.216319  0.156810 -0.027774
-0.233209  0.134349 -0.027979
-0.244935  0.108745 -0.027800
-0.251845  0.081520 -0.027371
-0.262862  0.055713 -0.027859
-0.263869  0.027630 -0.027428
-0.265789  0.000000 -0.027463
-0.268811 -0.028159 -0.027981
-0.266138 -0.056374 -0.028154
-0.258662 -0.083727 -0.028112
-0.246203 -0.109155 -0.027816
-0.233646 -0.134418 -0.027908
-0.219487 -0.159096 -0.028175
-0.199208 -0.178961 -0.027844
-0.179114 -0.198555 -0.027840
-0.157320 -0.216167 -0.027854
-0.133039 -0.229989 -0.027668
-0.107640 -0.241311 -0.027524
-0.079075 -0.242573 -0.026494
-0.051580 -0.241597 -0.025590
-0.025768 -0.244139 -0.025445
0.000000 -0.247307 -0.025652
0.026523 -0.251462 -0.026248
0.055097 -0.258606 -0.027520
0.082741 -0.253860 -0.027735
0.109401 -0.244853 -0.027824
0.132651 -0.228815 -0.027393
0.154176 -0.211418 -0.027117
0.172075 -0.190433 -0.026600
0.191396 -0.171927 -0.026745
0.206147 -0.149348 -0.026418
0.224346 -0.129202 -0.026887
0.242371 -0.107664 -0.027557
0.257801 -0.083577 -0.028159
0.266647 -0.056516 -0.028262
0.272869 -0.028595 -0.028436
0.259858  0.000000 -0.054182
0.258194  0.027477 -0.054155
0.247845  0.053290 -0.052647
0.244313  0.080452 -0.053648
0.235796  0.106605 -0.054149
0.218573  0.128270 -0.052982
0.203014  0.150371 -0.052995
0.183090  0.168564 -0.052269
0.160998  0.183458 -0.051250
0.139558  0.198120 -0.050909
0.117607  0.211710 -0.050888
0.094456  0.223089 -0.050871
0.070307  0.232295 -0.050914
0.045662  0.241261 -0.051517
0.020179  0.251360 -0.053009
-0.006841  0.256138 -0.053872
-0.034290  0.255170 -0.054055
-0.062053  0.253118 -0.054711
-0.088441  0.244251 -0.054449
-0.115234  0.236180 -0.055160
-0.138573  0.220692 -0.054659
-0.159752  0.202744 -0.054105
-0.177470  0.181479 -0.053089
-0.200922  0.166166 -0.054788
-0.215213  0.142313 -0.054090
-0.230274  0.119305 -0.054394
-0.239435  0.093294 -0.053788
-0.249560  0.067859 -0.054223
-0.253579  0.040725 -0.053792
-0.253884  0.013479 -0.053130
-0.257667 -0.013689 -0.054039
-0.257717 -0.041401 -0.054718
-0.253470 -0.068922 -0.055072
-0.246153 -0.095992 -0.055452
-0.231493 -0.119904 -0.054633
-0.217002 -0.143548 -0.054603
-0.194886 -0.160898 -0.052849
-0.178168 -0.182357 -0.053454
-0.159210 -0.202229 -0.054073
-0.137564 -0.219350 -0.054470
-0.111180 -0.227914 -0.053251
-0.085155 -0.235418 -0.052599
-0.058537 -0.238909 -0.051708
-0.032032 -0.238436 -0.050541
-0.006393 -0.239269 -0.050285
0.019340 -0.240817 -0.050741
0.046020 -0.243278 -0.052007
0.073386 -0.242570 -0.053214
0.098421 -0.232135 -0.052771
0.122784 -0.220657 -0.052833
0.143705 -0.203647 -0.052122
0.164952 -0.187902 -0.052453
0.181982 -0.167483 -0.051892
0.199336 -0.147680 -0.052074
0.214183 -0.125757 -0.052002
0.229391 -0.103671 -0.052615
0.243368 -0.080176 -0.053516
0.257328 -0.055469 -0.055116
0.259652 -0.027640 -0.054508
0.250322  0.000000 -0.080045
0.242995  0.026762 -0.077815
0.238307  0.053141 -0.077734
0.236905  0.081076 -0.080205
0.222007  0.104356 -0.078400
0.204005  0.124824 -0.076311
0.188650  0.146346 -0.076502
0.169929  0.164918 -0.076104
0.147742  0.178942 -0.074565
0.126308  0.192859 -0.074116
0.103697  0.204286 -0.073556
0.081529  0.217100 -0.074484
0.057702  0.227095 -0.075211
0.032671  0.234748 -0.076033
0.006758  0.244474 -0.078636
-0.020248  0.243494 -0.078407
-0.046634  0.237613 -0.077493
-0.075291  0.240059 -0.080865
-0.101203  0.230061 -0.080746
-0.126016  0.217696 -0.080841
-0.147464  0.200027 -0.079760
-0.164678  0.178132 -0.077578
-0.186491  0.161943 -0.079246
-0.202061  0.139668 -0.078735
-0.218602  0.118038 -0.079828
-0.227640  0.092216 -0.078804
-0.234448  0.066113 -0.078113
-0.237968  0.039590 -0.077279
-0.237677  0.013063 -0.076049
-0.238431 -0.013104 -0.076286
-0.241076 -0.040119 -0.078370
-0.236516 -0.066697 -0.078805
-0.230847 -0.093572 -0.080073
-0.219451 -0.118540 -0.080231
-0.203643 -0.140895 -0.079596
-0.186111 -0.161684 -0.079196
-0.167173 -0.181108 -0.079146
-0.147348 -0.199982 -0.079843
-0.122848 -0.212100 -0.078661
-0.097606 -0.221813 -0.077794
-0.071149 -0.226771 -0.076331
-0.044667 -0.227986 -0.074642
-0.019056 -0.229414 -0.074060
0.006392 -0.231466 -0.074585
0.032134 -0.231199 -0.075119
0.057798 -0.227470 -0.075332
0.083788 -0.222962 -0.076376
0.108388 -0.213336 -0.076659
0.132560 -0.202282 -0.077629
0.152468 -0.184581 -0.076836
0.172943 -0.167915 -0.077558
0.191496 -0.148811 -0.078095
0.205248 -0.125804 -0.077211
0.219555 -0.103241 -0.077624
0.231671 -0.079205 -0.078181
0.244076 -0.054510 -0.080011
0.247812 -0.027322 -0.079642
0.240932  0.000000 -0.106305
0.234582  0.026841 -0.103737
0.231432  0.053686 -0.104487
0.224808  0.080037 -0.105059
0.209342  0.102592 -0.102310
0.190626  0.121994 -0.099077
0.174153  0.141955 -0.098696
0.155464  0.159638 -0.098215
0.134134  0.173623 -0.096780
0.112588  0.186343 -0.096037
0.090609  0.197930 -0.095938
0.067672  0.207603 -0.096060
0.044218  0.217488 -0.097612
0.019467  0.225935 -0.099801
-0.006654  0.232320 -0.102436
-0.033182  0.230078 -0.102324
-0.059582  0.225997 -0.102880
-0.085202  0.218217 -0.103135
-0.108937  0.205833 -0.102457
-0.133333  0.194608 -0.104036
-0.153818  0.177153 -0.103424
-0.171960  0.157476 -0.102722
-0.185956  0.134709 -0.100921
-0.200239  0.112797 -0.101109
-0.212177  0.089500 -0.101498
-0.216853  0.063513 -0.099366
-0.217403  0.037483 -0.096621
-0.222507  0.012687 -0.097871
-0.223109 -0.012721 -0.098123
-0.221108 -0.038147 -0.098476
-0.218135 -0.063882 -0.099919
-0.211972 -0.089392 -0.101317
-0.197586 -0.111224 -0.099537
-0.182832 -0.132339 -0.098961
-0.168992 -0.154605 -0.100624
-0.153770 -0.177066 -0.103335
-0.133712 -0.195152 -0.104316
-0.106971 -0.201931 -0.100308
-0.081727 -0.209046 -0.098516
-0.056864 -0.215686 -0.098189
-0.031443 -0.218228 -0.097264
-0.006171 -0.215447 -0.094987
0.018632 -0.216480 -0.095866
0.043390 -0.213543 -0.095979
0.068132 -0.208974 -0.096650
0.093902 -0.205070 -0.099335
0.118188 -0.195577 -0.100751
0.138921 -0.179734 -0.100079
0.156905 -0.160997 -0.098889
0.177208 -0.144632 -0.100861
0.193087 -0.123797 -0.100965
0.206886 -0.101412 -0.101191
0.216177 -0.076813 -0.100374
0.223995 -0.051856 -0.100462
0.235105 -0.026904 -0.103998
0.218714  0.000000 -0.124858
0.214988  0.026024 -0.123232
0.215134  0.052915 -0.126499
0.210483  0.079716 -0.128823
0.195915  0.102597 -0.126265
0.177931  0.122482 -0.123178
0.160233  0.141703 -0.122344
0.137856  0.155287 -0.118702
0.116128  0.167893 -0.116727
0.094931  0.180528 -0.116692
0.073012  0.192109 -0.117545
0.049988  0.202321 -0.119130
0.025481  0.209237 -0.120361
0.000000  0.213036 -0.121576
-0.026147  0.214738 -0.123559
-0.052360  0.211924 -0.124787
-0.076614  0.201394 -0.122953
-0.099684  0.189312 -0.121997
-0.121369  0.175277 -0.121548
-0.144421  0.162764 -0.124553
-0.160076  0.141470 -0.121960
-0.173130  0.119131 -0.119701
-0.185423  0.097039 -0.119252
-0.196597  0.074413 -0.120099
-0.200953  0.049407 -0.118005
-0.204883  0.024817 -0.117694
-0.209619  0.000000 -0.119913
-0.207033 -0.025081 -0.118997
-0.202846 -0.049865 -0.119053
-0.197143 -0.074583 -0.120235
-0.187174 -0.097979 -0.120475
-0.172500 -0.118636 -0.119066
-0.158467 -0.139892 -0.120292
-0.142994 -0.160920 -0.122736
-0.124987 -0.180682 -0.125579
-0.099120 -0.188083 -0.120966
-0.074927 -0.196808 -0.119944
-0.049855 -0.201599 -0.118464
-0.024653 -0.202435 -0.116432
0.000000 -0.201284 -0.114948
0.024299 -0.199531 -0.114769
0.048776 -0.197311 -0.116042
0.073268 -0.192622 -0.117630
0.097496 -0.185276 -0.119569
0.121631 -0.175942 -0.122464
0.143179 -0.161448 -0.123696
0.160837 -0.142272 -0.122908
0.176456 -0.121545 -0.122417
0.188586 -0.098672 -0.121196
0.201455 -0.076189 -0.122728
0.209647 -0.051526 -0.122966
0.215163 -0.026056 -0.123526
0.194956  0.000000 -0.139555
0.196651  0.025283 -0.142074
0.194848  0.050949 -0.144363
0.190776  0.077073 -0.147857
0.177629  0.099773 -0.146187
0.159191  0.118397 -0.142082
0.142526  0.137759 -0.142611
0.120575  0.150879 -0.138942
0.099485  0.163842 -0.138088
0.078338  0.176782 -0.139523
0.054569  0.183407 -0.137621
0.030945  0.190857 -0.138945
0.006289  0.195480 -0.140485
-0.018891  0.195140 -0.140682
-0.043724  0.190844 -0.140393
-0.068897  0.186730 -0.143091
-0.090992  0.173869 -0.140856
-0.112354  0.160616 -0.140757
-0.132508  0.145596 -0.141584
-0.148195  0.125838 -0.139623
-0.161112  0.104570 -0.137760
-0.171645  0.082417 -0.136488
-0.181827  0.060245 -0.137656
-0.187086  0.036354 -0.136894
-0.191308  0.012259 -0.137822
-0.193109 -0.012378 -0.139233
-0.189795 -0.036882 -0.138875
-0.182771 -0.060507 -0.137988
-0.174212 -0.083646 -0.138518
-0.161981 -0.105082 -0.138273
-0.148628 -0.126119 -0.139710
-0.132650 -0.145603 -0.141266
-0.113992 -0.162930 -0.142734
-0.091027 -0.173820 -0.140598
-0.068757 -0.186392 -0.142899
-0.043398 -0.189641 -0.139881
-0.018357 -0.189758 -0.137034
0.006059 -0.188396 -0.135466
0.029948 -0.184604 -0.134223
0.054088 -0.181682 -0.136136
0.077557 -0.174642 -0.137157
0.101224 -0.166586 -0.140172
0.122816 -0.153714 -0.141612
0.142138 -0.137433 -0.142391
0.157361 -0.117191 -0.141060
0.171476 -0.096378 -0.141427
0.181581 -0.073342 -0.140625
0.187942 -0.049141 -0.139226
0.191514 -0.024608 -0.138127
0.173158  0.000000 -0.153364
0.175212  0.024534 -0.156721
0.173990  0.049707 -0.160318
0.171484  0.076173 -0.167018
0.157494  0.098110 -0.164818
0.140050  0.117138 -0.162181
0.119563  0.132354 -0.158477
0.098614  0.145791 -0.156652
0.077959  0.159590 -0.158625
0.054696  0.167991 -0.157618
0.030673  0.173450 -0.156856
0.006179  0.176333 -0.156912
-0.018696  0.177287 -0.158600
-0.042850  0.171157 -0.156670
-0.068063  0.168100 -0.161747
-0.091228  0.157788 -0.162811
-0.110701  0.141425 -0.160203
-0.125262  0.120530 -0.154295
-0.137043  0.099067 -0.149370
-0.152424  0.080781 -0.153122
-0.164207  0.059640 -0.155582
-0.169205  0.035865 -0.153668
-0.173350  0.012089 -0.154400
-0.174326 -0.012156 -0.155242
-0.172858 -0.036653 -0.157172
-0.165791 -0.060174 -0.156711
-0.154884 -0.082074 -0.155517
-0.141285 -0.102246 -0.154555
-0.127656 -0.122880 -0.157425
-0.109890 -0.140192 -0.158308
-0.090148 -0.155695 -0.160128
-0.068347 -0.168843 -0.162541
-0.044118 -0.176695 -0.162735
-0.018616 -0.176699 -0.158435
0.006142 -0.175372 -0.156321
0.030221 -0.170768 -0.154176
0.054010 -0.165620 -0.154815
0.076953 -0.157194 -0.155481
0.099019 -0.146344 -0.157133
0.119188 -0.132051 -0.158426
0.134628 -0.112646 -0.156097
0.148219 -0.092372 -0.155332
0.159985 -0.071086 -0.155971
0.166176 -0.047523 -0.153643
0.170744 -0.023923 -0.153025
0.155664  0.000000 -0.170781
0.158499  0.025044 -0.176076
0.155066  0.050217 -0.178350
0.150238  0.076372 -0.185036
0.133992  0.097006 -0.181022
0.115033  0.114594 -0.177653
0.094407  0.129507 -0.175674
0.072118  0.141106 -0.173914
0.049496  0.152005 -0.175879
0.024793  0.156052 -0.173493
0.000000  0.159514 -0.175248
-0.025002  0.157359 -0.174918
-0.049666  0.152449 -0.176174
-0.072307  0.141492 -0.174432
-0.096021  0.132061 -0.180185
-0.108636  0.108151 -0.167415
-0.123009  0.088941 -0.165499
-0.136302  0.069161 -0.166876
-0.147204  0.047671 -0.169308
-0.154075  0.024330 -0.170801
-0.155821  0.000000 -0.170336
-0.156832 -0.024776 -0.174122
-0.150872 -0.048885 -0.173834
-0.140818 -0.071536 -0.173060
-0.126245 -0.091371 -0.170401
-0.111100 -0.110710 -0.171752
-0.092828 -0.127322 -0.172657
-0.072276 -0.141392 -0.174187
-0.049755 -0.152730 -0.176521
-0.025606 -0.161422 -0.180091
0.000000 -0.159912 -0.175655
0.024816 -0.156083 -0.173227
0.048240 -0.147708 -0.169757
0.071458 -0.139621 -0.171534
0.092083 -0.126205 -0.170846
0.110707 -0.110341 -0.171256
0.125240 -0.090730 -0.169571
0.136991 -0.069643 -0.168773
0.145825 -0.047295 -0.168549
0.150794 -0.023827 -0.167497
0.135985  0.000000 -0.185064
0.136107  0.024618 -0.187538
0.132751  0.049635 -0.191927
0.125712  0.074898 -0.198839
0.109150  0.095035 -0.196410
0.089427  0.111782 -0.194522
0.065962  0.122083 -0.188254
0.043069  0.132128 -0.189012
0.018736  0.137921 -0.189506
-0.006218  0.138022 -0.187917
-0.031186  0.136290 -0.190478
-0.054177  0.126324 -0.186811
-0.075302  0.113665 -0.185107
-0.093809  0.097749 -0.183757
-0.108456  0.078453 -0.181090
-0.120696  0.057867 -0.180936
-0.129768  0.035659 -0.181892
-0.136075  0.012202 -0.185002
-0.138296 -0.012411 -0.188520
-0.133740 -0.036801 -0.188291
-0.125888 -0.060485 -0.190042
-0.112422 -0.081478 -0.188901
-0.095940 -0.100088 -0.188664
-0.076092 -0.114900 -0.187282
-0.054391 -0.126786 -0.187384
-0.031275 -0.136583 -0.190590
-0.006419 -0.142582 -0.194458
0.019017 -0.139894 -0.191889
0.043685 -0.133938 -0.191336
0.065674 -0.121476 -0.187058
0.086167 -0.107650 -0.187106
0.102437 -0.089213 -0.184485
0.114238 -0.068048 -0.180566
0.125192 -0.046910 -0.182285
0.131631 -0.023845 -0.182301
0.115430  0.000000 -0.197419
0.115766  0.024533 -0.202108
0.110643  0.049096 -0.206570
0.100298  0.072673 -0.211912
0.081787  0.090532 -0.208505
0.059575  0.102768 -0.202757
0.036543  0.112059 -0.201522
0.012372  0.117373 -0.202161
-0.012313  0.116798 -0.201172
-0.036248  0.111230 -0.200326
-0.057555  0.099289 -0.195921
-0.077602  0.085903 -0.197865
-0.093563  0.067746 -0.197220
-0.105889  0.046983 -0.197652
-0.112310  0.023767 -0.195161
-0.117469  0.000000 -0.200491
-0.116485 -0.024702 -0.203817
-0.108801 -0.048338 -0.203955
-0.095751 -0.069404 -0.202542
-0.079818 -0.088476 -0.204416
-0.059512 -0.102806 -0.203499
-0.037090 -0.113817 -0.205011
-0.012719 -0.120660 -0.207843
0.012939 -0.122801 -0.211772
0.037792 -0.115940 -0.208701
0.059663 -0.102923 -0.203074
0.078916 -0.087356 -0.201207
0.093727 -0.067920 -0.198094
0.104875 -0.046610 -0.196829
0.110940 -0.023523 -0.194047
0.095804  0.000000 -0.212663
0.094606  0.025287 -0.217262
0.086184  0.049622 -0.220545
0.069668  0.069413 -0.217706
0.048612  0.083872 -0.214676
0.025013  0.093038 -0.213763
0.000000  0.095311 -0.211538
-0.024706  0.091930 -0.211409
-0.047307  0.081670 -0.209326
-0.067776  0.067618 -0.212716
-0.083695  0.048228 -0.214745
-0.091575  0.024451 -0.209552
-0.095204  0.000000 -0.210427
-0.093402 -0.024963 -0.214401
-0.083704 -0.048201 -0.214317
-0.068899 -0.068745 -0.216312
-0.049038 -0.084726 -0.217561
-0.025547 -0.095050 -0.218538
0.000000 -0.098928 -0.219455
0.026038 -0.096892 -0.222839
0.049172 -0.084859 -0.217323
0.068232 -0.068005 -0.213453
0.082429 -0.047468 -0.211064
0.090214 -0.024096 -0.206697
0.074007  0.000000 -0.224784
0.071047  0.024326 -0.228208
0.059879  0.046488 -0.230583
0.040734  0.062131 -0.225625
0.018018  0.070890 -0.222218
-0.006078  0.073154 -0.223520
-0.029706  0.067586 -0.225103
-0.049669  0.053820 -0.222901
-0.065697  0.035502 -0.227808
-0.072906  0.012136 -0.224655
-0.072991 -0.012147 -0.224770
-0.064887 -0.035006 -0.223783
-0.050156 -0.054302 -0.224463
-0.030341 -0.068971 -0.229289
-0.006233 -0.074945 -0.228492
0.018718 -0.073667 -0.231092
0.041257 -0.062935 -0.228596
0.059018 -0.045813 -0.227161
0.069682 -0.023855 -0.223703
0.051324  0.000000 -0.238695
0.044061  0.025363 -0.236024
0.025125  0.043367 -0.232713
0.000000  0.049759 -0.231372
-0.025016  0.043214 -0.232321
-0.043934  0.025318 -0.236199
-0.051012  0.000000 -0.237474
-0.043988 -0.025329 -0.235836
-0.025588 -0.044188 -0.237398
0.000000 -0.051123 -0.237571
0.025889 -0.044717 -0.240352
0.044172 -0.025429 -0.236660
0.025929  0.000000 -0.243438
0.012707  0.021929 -0.237910
-0.012747  0.022013 -0.239169
-0.025847  0.000000 -0.242950
-0.012996 -0.022449 -0.244032
0.013081 -0.022596 -0.245716
0.000000  0.000000 -0.242177
-0.113163  0.097625  0.182164
-0.097138  0.085995  0.197413
-0.081609  0.106679  0.204897
-0.096988  0.116743  0.185513
-0.072373  0.116330  0.209312
-0.087731  0.125928  0.187526
-0.073119  0.100819  0.214630
-0.105274  0.091987  0.190428
-0.120717  0.103093  0.174399
-0.089406  0.080534  0.206795
-0.089577  0.112228  0.196032
-0.090605  0.097141  0.202172
-0.106997  0.108980  0.186435
-0.104290  0.121609  0.176043
-0.103788  0.075104  0.194338
-0.118756  0.085900  0.177916
-0.073004  0.108978  0.212880
-0.088751  0.119208  0.192036
-0.090084  0.104684  0.199080
-0.089551  0.088366  0.203225
-0.104312  0.083353  0.191893
-0.105923  0.100273  0.187969
-0.105798  0.115501  0.181551
-0.119197  0.094037  0.175186
-0.114471  0.106559  0.181044
-0.111998  0.088869  0.183540
-0.097774  0.094296  0.195238
-0.096637  0.077807  0.199937
-0.081955  0.098901  0.207495
-0.081191  0.114366  0.202078
-0.096098  0.123652  0.181300
-0.098180  0.110216  0.190432
-0.076411  0.118923  0.203761
-0.077378  0.103770  0.209818
-0.067987  0.113142  0.213645
-0.084459  0.124310  0.193952
-0.093464  0.114726  0.191248
-0.091228  0.127901  0.181745
-0.077123  0.111705  0.207531
-0.077808  0.096102  0.212676
-0.068313  0.105325  0.216108
-0.108306  0.086258  0.188173
-0.110050  0.103272  0.184238
-0.101890  0.097369  0.191887
-0.100463  0.080571  0.195899
-0.118380  0.109421  0.177363
-0.115757  0.091587  0.179650
-0.123442  0.097165  0.172160
-0.093739  0.091410  0.199426
-0.085926  0.085920  0.208664
-0.092987  0.075237  0.205199
-0.094110  0.107536  0.194823
-0.092286  0.121240  0.186347
-0.085147  0.117076  0.197538
-0.085968  0.101726  0.203125
-0.086401  0.094079  0.205980
-0.094871  0.100271  0.198502
-0.093211  0.083205  0.201897
-0.085504  0.109327  0.200179
-0.110983  0.111835  0.182397
-0.100821  0.119399  0.181130
-0.109304  0.094884  0.186466
-0.102852  0.105952  0.190123
-0.099488  0.125694  0.175949
-0.101749  0.112572  0.185431
-0.109432  0.117953  0.176842
-0.100184  0.072518  0.198952
-0.107569  0.077827  0.190149
-0.101184  0.088973  0.193912
-0.116756  0.100190  0.177938
-0.122483  0.088594  0.173957
-0.115251  0.083377  0.182312
-0.076751  0.115297  0.205593
-0.068256  0.109411  0.215281
-0.077268  0.107760  0.208734
-0.077543  0.099869  0.211083
-0.093788  0.111124  0.193039
-0.091881  0.124751  0.184349
-0.092838  0.117936  0.188705
-0.084801  0.120682  0.195743
-0.085777  0.105582  0.201769
-0.086195  0.097915  0.204582
-0.094505  0.103929  0.196698
-0.085354  0.113241  0.198941
-0.094214  0.095732  0.198736
-0.093386  0.087222  0.200427
-0.086070  0.089900  0.207045
-0.093033  0.079171  0.203366
-0.107866  0.081983  0.189008
-0.100235  0.076480  0.197208
-0.100796  0.084746  0.194841
-0.101500  0.093133  0.192813
-0.108746  0.090517  0.187197
-0.110799  0.107845  0.183888
-0.109587  0.098994  0.185164
-0.102366  0.101654  0.190993
-0.110351  0.115063  0.179900
-0.100159  0.122559  0.178547
-0.101290  0.115990  0.183293
-0.102520  0.109514  0.188267
-0.110883  0.126271 -0.166032
-0.094487  0.114336 -0.180973
-0.093557  0.144829 -0.171344
-0.070346  0.155207 -0.168557
-0.073877  0.127659 -0.179993
-0.103084  0.121001 -0.175323
-0.081821  0.149723 -0.168688
-0.085819  0.123113 -0.183107
-0.117885  0.130981 -0.157181
-0.063123  0.133654 -0.180254
-0.103726  0.137242 -0.170848
-0.083842  0.136185 -0.176445
-0.101358  0.150177 -0.162232
-0.079472  0.162552 -0.161837
-0.064806  0.120078 -0.186126
-0.085205  0.106590 -0.186191
-0.101303  0.103033 -0.175717
-0.116302  0.113676 -0.159882
-0.084823  0.129650 -0.179754
-0.080664  0.156194 -0.165304
-0.082806  0.142890 -0.172504
-0.104300  0.130329 -0.174903
-0.063911  0.126751 -0.183005
-0.101677  0.111381 -0.174443
-0.102438  0.143555 -0.166332
-0.085246  0.114490 -0.183940
-0.117153  0.122377 -0.158638
-0.110958  0.134108 -0.163395
-0.109360  0.116712 -0.165998
-0.095931  0.124108 -0.182152
-0.093736  0.105562 -0.181380
-0.092194  0.150963 -0.166641
-0.094606  0.138165 -0.175348
-0.069166  0.161578 -0.165039
-0.071295  0.148276 -0.171401
-0.074786  0.120984 -0.183142
-0.073077  0.134538 -0.177170
-0.107599  0.132169 -0.169028
-0.105444  0.114047 -0.170497
-0.100207  0.127441 -0.179202
-0.097675  0.108437 -0.177867
-0.074819  0.158654 -0.164898
-0.077013  0.145501 -0.171407
-0.088894  0.140836 -0.174366
-0.086477  0.153660 -0.165620
-0.089761  0.110340 -0.183289
-0.080458  0.118234 -0.183851
-0.090883  0.127531 -0.181553
-0.078782  0.131776 -0.177978
-0.121370  0.125561 -0.155441
-0.114510  0.136507 -0.159082
-0.113360  0.119663 -0.162508
-0.069240  0.123678 -0.182745
-0.058794  0.130327 -0.184078
-0.067632  0.137403 -0.177107
-0.107151  0.123842 -0.171009
-0.099901  0.134690 -0.175576
-0.097380  0.147380 -0.166635
-0.107050  0.139099 -0.165177
-0.087691  0.147263 -0.170004
-0.079642  0.125040 -0.180976
-0.089884  0.134063 -0.178217
-0.077898  0.138466 -0.174913
-0.105924  0.145613 -0.160993
-0.096180  0.153800 -0.162297
-0.098538  0.140888 -0.170887
-0.075970  0.152205 -0.168298
-0.085368  0.160219 -0.162378
-0.073802  0.165387 -0.161865
-0.069964  0.116695 -0.185303
-0.059422  0.123039 -0.186191
-0.068418  0.130497 -0.179869
-0.090413  0.119058 -0.182647
-0.080299  0.110241 -0.185836
-0.089404  0.102009 -0.184669
-0.097568  0.100404 -0.179759
-0.098719  0.117593 -0.178067
-0.105250  0.105892 -0.172117
-0.114157  0.128348 -0.161179
-0.120481  0.116797 -0.156665
-0.112512  0.110959 -0.163729
-0.090489  0.130962 -0.180139
-0.080204  0.121887 -0.182845
-0.078395  0.135223 -0.176597
-0.079275  0.128517 -0.179652
-0.074297  0.161989 -0.163345
-0.085943  0.156982 -0.164046
-0.076504  0.148880 -0.169886
-0.075452  0.155561 -0.166753
-0.077480  0.142024 -0.173229
-0.089324  0.137338 -0.176136
-0.087028  0.150360 -0.167681
-0.088274  0.144018 -0.172141
-0.107782  0.128525 -0.170805
-0.106154  0.118751 -0.170481
-0.107260  0.135568 -0.166971
-0.100265  0.131377 -0.177836
-0.068848  0.127123 -0.181367
-0.069737  0.120432 -0.184463
-0.059051  0.126545 -0.184918
