    0.3200008273124695  -0.2465320080518723   0.0849010571837425
    0.0406248532235622   0.1187528595328331  -0.3832316696643829
   -0.0401931181550026  -0.3739001452922821   0.1233647242188454
    0.3162248730659485   0.2341234982013702  -0.0404631197452545
   -0.3033696711063385   0.0509266667068005  -0.2260698080062866
    0.2546630799770355   0.2593355476856232  -0.1168723404407501
    0.1374987214803696  -0.2029822766780853   0.2713299095630646
   -0.1861465722322464   0.1426465064287186   0.3322861492633820
   -0.2151466757059097   0.1210419163107872  -0.2786460518836975
    0.1437198817729950   0.1850788444280624   0.3209096789360046
   -0.3170165717601776  -0.1313431710004807  -0.1996815502643585
    0.0380513072013855  -0.1499492824077606  -0.3431551754474640
   -0.0749467536807060  -0.3481880128383637   0.1593449562788010
    0.0363113097846508   0.2998290657997131  -0.2718823254108429
    0.1325942128896713  -0.3771717250347138   0.0000118108400784
   -0.2720688879489899  -0.2160095423460007   0.1557542830705643
    0.1542524695396423   0.2533429265022278  -0.2681348621845245
    0.0406628660857677  -0.3759649991989136   0.1238481402397156
    0.2900546491146088  -0.2487196177244186   0.1238806471228600
    0.1887555718421936  -0.2000210583209992   0.2456884384155273
   -0.1666231006383896   0.3663885891437531  -0.0425716564059258
    0.0985628068447113   0.1735753566026688   0.3517668545246124
    0.0033155605196953  -0.0006479056319222   0.3522666394710541
   -0.1706572175025940   0.0731750950217247  -0.3294345438480377
    0.3176453113555908   0.0716584473848343   0.2359570264816284
   -0.1304816305637360  -0.1777298301458359   0.3058616220951080
   -0.2691868245601654   0.2926249206066132  -0.0003345113073010
   -0.3022122085094452  -0.2420866638422012   0.0818174183368683
    0.1452372670173645   0.0755088403820992   0.3750990927219391
    0.3852807283401489   0.0731315463781357  -0.0806726440787315
   -0.3103843629360199   0.2181168943643570   0.0812298208475113
    0.2600036263465881   0.1817639917135239   0.2292674630880356
   -0.3789797723293304   0.1166880950331688  -0.0421594381332397
   -0.1380688846111298  -0.1885586380958557  -0.3235708475112915
    0.3840354084968567  -0.1628711521625519  -0.0427090004086494
   -0.0034646994899958   0.1207918375730515   0.3829263448715210
    0.3213713169097900  -0.1433399468660355  -0.1545177102088928
    0.2261040806770325  -0.2692522406578064   0.1560386121273041
   -0.2444607913494110  -0.1253627985715866   0.2525367140769959
   -0.3545410335063934  -0.2155682742595673  -0.0439440608024597
   -0.1765230596065521  -0.0841699987649918  -0.3485993146896362
   -0.1972059309482575  -0.1309584528207779  -0.3293679058551788
    0.3232794106006622   0.0458486415445805  -0.1858306080102921
   -0.0782977268099785  -0.3574011623859406  -0.1184314936399460
   -0.0291918199509382  -0.3433557450771332   0.2006598412990570
   -0.2724400162696838   0.1147299632430077   0.2721467614173889
    0.2012076526880264  -0.1017382442951202  -0.3045227527618408
    0.1634764671325684   0.3541544377803803  -0.0824498981237412
    0.1092799529433250  -0.3808270692825317  -0.0828172042965889
   -0.3591125011444092   0.0073761558160186   0.1617810577154160
   -0.1919593214988709  -0.0457297861576080  -0.3467013537883759
   -0.1004247367382050   0.1694170534610748   0.3531284034252167
   -0.3150357306003571   0.2214302271604538  -0.0815695822238922
    0.3680042624473572   0.0555173903703690  -0.1190116629004479
   -0.1446308493614197   0.2193332314491272   0.2989275753498077
   -0.1961689293384552   0.1014556214213371  -0.3088808357715607
   -0.0890613421797752  -0.3016776144504547   0.2297170162200928
   -0.2389529347419739  -0.3452005982398987  -0.0001694316015346
   -0.1241912767291069   0.3131208419799805   0.1973236948251724
    0.2350959330797195   0.1070740818977356  -0.2869438827037811
   -0.2908351421356201  -0.1635224074125290  -0.1954417973756790
    0.3778122067451477  -0.0244766324758530   0.1225971132516861
    0.0915807336568832  -0.3863812685012817   0.0424006171524525
   -0.2159180492162705  -0.0509486943483353   0.3098997473716736
   -0.0853917226195335   0.3266852498054504  -0.1956789642572403
    0.1112627834081650  -0.0110039981082082  -0.3698074519634247
   -0.0320021882653236  -0.1175526455044746  -0.3716296255588532
    0.3378708362579346   0.1845097690820694  -0.0791706517338753
   -0.1663610637187958  -0.2116354852914810  -0.2435999214649200
    0.0854818299412727  -0.1948981434106827   0.2908141314983368
   -0.0456513501703739   0.3324341773986816   0.1962212324142456
    0.2867133021354675   0.0934348776936531   0.2693840861320496
   -0.3015924692153931  -0.1870131045579910  -0.1582543849945068
    0.4102860391139984   0.0057902322150767   0.0001596842776053
   -0.2393453568220139  -0.2268883287906647   0.1932619810104370
   -0.1137140989303589   0.1251933425664902   0.3862018287181854
   -0.1970684677362442  -0.2432192116975784   0.2291232645511627
    0.3234429657459259  -0.0121910693123937   0.2338055670261383
    0.0412606410682201   0.4227208495140076  -0.0443649366497994
   -0.1085930615663528  -0.1047116443514824   0.3434848487377167
   -0.0478542111814022   0.2843687236309052   0.2611460685729981
   -0.0370481908321381   0.0962060615420342  -0.3711227178573608
   -0.0183929633349180   0.3454116880893707   0.1551309973001480
   -0.2403136491775513  -0.1135002374649048  -0.3006311058998108
   -0.0347431153059006   0.1651910990476608   0.3825407028198242
   -0.1239749789237976   0.1947786360979080   0.3262082636356354
    0.2034569680690765  -0.1559775024652481  -0.2824490070343018
    0.3003883659839630  -0.0920734703540802   0.2258420586585999
   -0.0473700650036335   0.2250242978334427  -0.3233454823493958
   -0.3665539026260376  -0.1726619601249695   0.0430694818496704
    0.4073293805122376   0.0476583652198315   0.0001393815036863
    0.2502481937408447   0.2822414338588715   0.0400058403611183
   -0.2268091738224030   0.3048903048038483  -0.0805060267448425
   -0.2298831343650818  -0.1628074347972870  -0.2556432783603668
   -0.3553685545921326   0.0918065905570984   0.1663426905870438
    0.4044753909111023  -0.0370151065289974   0.0001064966927515
   -0.3539386093616486  -0.1760330796241760  -0.0837950855493546
    0.1925473511219025  -0.1473535597324371   0.2681797444820404
    0.0457922816276550  -0.1009324640035629   0.3462151885032654
    0.2120161950588226   0.0878630056977272  -0.3155839443206787
   -0.0740228220820427  -0.3958899974822998   0.0430120564997196
   -0.1671881526708603  -0.1593768894672394  -0.3255951106548309
    0.1819717288017273   0.2206448465585709   0.2565924227237701
   -0.2033053934574127  -0.3727988302707672  -0.0444135218858719
    0.0481255427002907   0.3754617571830750  -0.1227203756570816
   -0.2971937358379364  -0.1230560317635536   0.1876687705516815
    0.3360450267791748   0.1313389390707016   0.1603267788887024
   -0.2823939621448517   0.2466093450784683   0.0803374350070953
   -0.0266902949661016   0.3151772618293762  -0.2316432595252991
   -0.3378802835941315   0.0323832109570503  -0.1980407834053040
   -0.1580256521701813  -0.3784788548946381  -0.0001734687830321
   -0.0044093327596784   0.3374952077865601  -0.1950075328350067
   -0.3955034017562866  -0.0922711566090584   0.0003400212444831
   -0.2754112482070923  -0.3208014965057373  -0.0443442203104496
    0.0363993532955647  -0.1448394954204559   0.3327515721321106
    0.4034153223037720  -0.0790453702211380   0.0435857735574245
    0.0385155119001865   0.3923687934875488   0.0418422631919384
    0.0463952533900738  -0.3609150946140289   0.1634539365768433
    0.0447301194071770   0.0085442261770368  -0.3856610655784607
   -0.3157083988189697   0.0104541694745421  -0.2331075519323349
    0.2863923907279968  -0.2160595357418060   0.1588400304317474
   -0.2256711125373840   0.0277032833546400  -0.3179837465286255
    0.0059567559510469  -0.3663920164108276   0.1639353036880493
    0.2861551642417908   0.2475216239690781   0.0801396816968918
   -0.0000215438194573  -0.3802843689918518   0.1238890141248703
    0.4062089920043945   0.0057311183772981   0.0430585891008377
    0.2846379280090332   0.2593791484832764  -0.0003103524213657
    0.0259626135230064  -0.3892108500003815   0.0831010490655899
   -0.0383024588227272   0.3766092061996460   0.0800952166318893
    0.2310481220483780   0.2099726200103760   0.2284355312585831
    0.2232536524534226  -0.2658058702945709  -0.1523724794387817
   -0.0862782821059227   0.2123218625783920  -0.3181882500648499
    0.2389044612646103  -0.1406135410070419   0.2473476082086563
   -0.0801234021782875   0.3850916922092438  -0.0830449014902115
   -0.3495414257049561   0.1958463490009308  -0.0425988696515560
   -0.1460152864456177   0.0452381856739521  -0.3518409729003906
    0.1165765300393105   0.3461195528507233   0.0763481557369232
   -0.1022005826234818   0.1132409423589706  -0.3494367003440857
    0.2125887721776962  -0.2253782451152802  -0.2230893820524216
   -0.2877258658409119   0.1958267539739609  -0.1553485393524170
    0.3485311865806580   0.0496710017323494   0.2020779401063919
   -0.3992780148983002  -0.0931405797600746  -0.0433156788349152
    0.1540248245000839  -0.3341439962387085   0.1194999441504479
    0.2359259873628616  -0.1919122040271759   0.2195726186037064
   -0.2582512497901917  -0.2715928256511688  -0.1228328943252564
    0.4164140224456787  -0.0816089436411858  -0.0434646792709827
    0.3011403381824493   0.1645410060882568   0.1986460983753204
    0.0534643344581127  -0.4115241765975952  -0.0429385751485825
    0.0566857159137726   0.0480998195707798  -0.3904433846473694
   -0.3025119006633759   0.2109346836805344   0.1210105866193771
   -0.3921593725681305   0.0287562012672424   0.0841735973954201
    0.2472748309373856   0.0686672925949097  -0.2817693352699280
    0.3270333111286163  -0.1760519593954086  -0.1187995225191116
    0.2010362595319748   0.1268514692783356  -0.3228217363357544
   -0.3268435895442963   0.1779203712940216  -0.1226452142000198
   -0.2531336247920990   0.0500183254480362   0.2905170321464539
   -0.2051002830266953   0.2799524664878845   0.1581956744194031
   -0.1866811215877533  -0.1236738190054894   0.3119105994701386
    0.1629066020250320   0.0359611846506596   0.3683900833129883
    0.0526462532579899  -0.2726716697216034  -0.2481875717639923
    0.2538418471813202   0.2587262988090515   0.1176812574267387
    0.0633807703852654   0.1928838491439819  -0.3504609465599060
   -0.0070544262416661   0.2805736660957336   0.2563632130622864
    0.2232681363821030  -0.0279822275042534   0.3055986762046814
    0.1974242180585861   0.3145938813686371  -0.1197064220905304
    0.1114123314619064   0.2100436389446259  -0.3304562866687775
    0.3605875670909882  -0.1996789574623108   0.0439388938248158
    0.1472062915563583  -0.2719160616397858   0.2228558510541916
    0.1863210201263428   0.2968717813491821   0.1139483898878098
    0.1921499818563461   0.1743589043617249   0.2917203009128571
   -0.1843010187149048  -0.0436877347528935   0.3350832462310791
   -0.3103916049003601   0.0959248915314674   0.2380481660366058
    0.0702756419777870  -0.2411114424467087   0.2770465612411499
   -0.2993648052215576  -0.2818740308284760  -0.0001338854926871
   -0.0331965163350105  -0.4148085117340088  -0.0432111620903015
    0.0252486951649189  -0.1789588928222656   0.3127061724662781
   -0.2006668299436569   0.2766476571559906  -0.1539722383022308
    0.0334855914115906   0.2775364816188812   0.2523179948329926
    0.0877230390906334  -0.3518835604190826   0.1618754416704178
    0.1838065534830093  -0.3428443074226379  -0.0804772228002548
   -0.0129668451845646   0.0698918178677559   0.3937452435493469
   -0.0072571882046759  -0.3015014529228210  -0.2184125036001205
    0.1305710077285767  -0.3150726556777954   0.1978004425764084
   -0.3846447765827179  -0.1337920874357224   0.0001792930706870
    0.3364699184894562   0.0897875875234604   0.2014250755310059
    0.0095378756523132  -0.4045306444168091   0.0000211184051295
    0.2542187273502350   0.2867050468921661  -0.0395042113959789
    0.0115651031956077  -0.3263888657093048  -0.1875021308660507
    0.1268087476491928   0.2204537391662598   0.2857822179794312
    0.3492151796817780   0.0917698666453362   0.1615913659334183
    0.2303330004215241  -0.2447043955326080   0.1930369734764099
   -0.1058453619480133   0.0546804405748844   0.3860947787761688
   -0.3681260049343109  -0.0575688518583775   0.1230307146906853
    0.3366538584232330  -0.0739888474345207   0.1991744786500931
    0.1547952592372894   0.3046878576278687  -0.1962657272815704
   -0.0279208645224571  -0.2900939285755158   0.2625980973243713
   -0.1559151262044907   0.2306211143732071  -0.2555059194564819
    0.0954034775495529  -0.1526370644569397   0.3139085769653320
   -0.3870828747749329   0.0715322345495224  -0.0840338245034218
    0.2783057391643524  -0.2096115350723267  -0.1530498117208481
    0.0161577705293894   0.0391260981559753  -0.3858463168144226
    0.3893975913524628  -0.1194262579083443   0.0434057191014290
    0.3652426600456238  -0.1047620996832848  -0.1214763447642326
    0.3474533855915070  -0.1408117711544037  -0.1206103339791298
    0.0706596449017525   0.2183951735496521   0.3158346712589264
    0.3982045650482178   0.0471651554107666   0.0427115224301815
    0.2397236824035645  -0.1968879252672195  -0.2246404141187668
    0.3581569492816925  -0.0698116123676300   0.1624699234962463
   -0.0018691908335313   0.1177181228995323  -0.3774209618568420
    0.1023265197873116   0.3431384563446045  -0.1586431115865707
    0.0532374866306782   0.1618862003087997   0.3823209106922150
    0.3730345964431763   0.1708972007036209   0.0004325671179686
   -0.2666337788105011   0.2898558974266052   0.0418651252985001
   -0.1923817098140717   0.1526456922292709  -0.2797922194004059
    0.3743501305580139  -0.1336034536361694  -0.0822104439139366
   -0.0762376859784126   0.3667111098766327   0.0796165391802788
   -0.1293215155601502   0.3871290385723114  -0.0428770594298840
    0.2214255332946777  -0.0278382226824760  -0.3011499941349030
   -0.0671305507421494   0.3068799674510956   0.2294819205999374
    0.0463375039398670  -0.3476586341857910  -0.1546043604612351
   -0.2131360322237015  -0.1466277092695236  -0.2917003631591797
   -0.2089230865240097  -0.1435096710920334   0.2842732965946198
   -0.1850130110979080   0.0362721756100655  -0.3331696987152100
    0.1287544965744019  -0.2508679926395416  -0.2511315047740936
    0.2169195860624313  -0.3211536705493927  -0.0797810554504395
   -0.0449224896728992   0.3326331675052643  -0.1956773996353149
    0.0092841060832143   0.1633794754743576   0.3820459246635437
   -0.0925196707248688  -0.1704072207212448  -0.3509602844715118
    0.3958442211151123   0.0892549380660057   0.0430056266486645
   -0.3011983335018158  -0.1141364946961403  -0.2367245852947235
    0.2507577538490295  -0.2377288639545441  -0.1515331566333771
   -0.2958608567714691  -0.0113047324120998  -0.2697661519050598
   -0.3213714063167572  -0.0480849519371986   0.1897002756595612
   -0.3902485370635986   0.0764026939868927  -0.0002883948618546
    0.2542652487754822  -0.2992254495620728  -0.0804077163338661
    0.3909069597721100  -0.0093152159824967   0.0824934840202332
   -0.0545568838715553  -0.1908759325742722  -0.3447813093662262
    0.1829817295074463   0.0814024880528450  -0.3468146324157715
   -0.3705326020717621   0.1587140411138535  -0.0426480434834957
    0.1417749673128128   0.3319064676761627  -0.1599192023277283
   -0.2475310117006302  -0.2482363581657410   0.1579628139734268
   -0.0201627016067505   0.1962357759475708  -0.3437207937240601
    0.3456880152225494   0.1318517029285431  -0.1185200586915016
   -0.0832617431879044   0.0924422591924667   0.3875080049037933
   -0.1552518159151077   0.2851916551589966  -0.1886545121669769
    0.0970442965626717   0.2536698579788208  -0.3010577559471130
    0.4078114926815033  -0.0799101144075394   0.0002803362731356
    0.3134246766567230  -0.2707041800022125   0.0441597998142242
   -0.2577053010463715  -0.1300915330648422  -0.2651084363460541
    0.1553028076887131  -0.3366238176822662  -0.1191025525331497
   -0.3209561705589294   0.1690088063478470   0.1649775356054306
    0.2830514311790466  -0.1290574818849564  -0.2241325080394745
    0.3102469742298126  -0.1828930079936981   0.1591173410415649
    0.2339581847190857  -0.0836405754089356   0.2727891504764557
   -0.1495220214128494   0.1076038852334023  -0.3299815952777863
    0.0528657622635365   0.2939884364604950   0.2183178961277008
    0.3626407682895660   0.0125228669494390   0.1620106399059296
   -0.1079265251755714  -0.3180839121341705   0.1960304975509644
    0.1578271836042404  -0.0052055674605072  -0.3574001491069794
   -0.2497901767492294  -0.3079304397106171  -0.0827676951885223
   -0.3178912401199341   0.1582548916339874   0.2087244540452957
   -0.3911422193050385  -0.0125641440972686  -0.0831447765231133
    0.2614318430423737  -0.1625764071941376   0.2207211256027222
    0.0799377709627152   0.0169355254620314   0.3702381253242493
    0.2602618634700775  -0.1079649776220322  -0.2521010041236877
    0.3047339916229248  -0.1494400054216385   0.1961481273174286
   -0.1926205158233643   0.3295411467552185  -0.0805817469954491
    0.4171102344989777  -0.0375863872468472  -0.0431197024881840
    0.3481689095497131  -0.0687754899263382  -0.1551960706710815
   -0.1748218685388565  -0.3458574414253235   0.0815058723092079
   -0.2747491896152496  -0.2752698361873627   0.0822674036026001
   -0.2602330148220062  -0.0882257595658302   0.2504057288169861
   -0.2654833495616913  -0.1960294395685196   0.1921795606613159
   -0.1507297307252884   0.0038954874034971  -0.3592876493930817
   -0.1349354386329651   0.3189246654510498   0.1567630469799042
    0.0674325600266457  -0.3905446827411652  -0.0825649201869965
    0.1360500007867813  -0.3871420025825501  -0.0423201657831669
    0.1376136988401413   0.1517727971076965  -0.3534522652626038
    0.3005984127521515   0.1200620159506798  -0.1844327747821808
   -0.2789112031459808   0.1762244254350662   0.2423500269651413
    0.2924549579620361  -0.0895263478159905  -0.2184817939996719
   -0.4023571312427521  -0.0500265322625637   0.0433346554636955
    0.2506224811077118  -0.1474655717611313  -0.2578469514846802
   -0.2376779317855835  -0.0694592669606209   0.2797345221042633
   -0.2799336612224579   0.0311975292861462   0.2595680058002472
    0.0547268390655518  -0.0559402927756310   0.3557042777538300
   -0.4071856737136841  -0.0073059606365860   0.0432847179472446
   -0.3254726231098175   0.2303843051195145  -0.0005456995568238
    0.2650452256202698   0.1295447349548340   0.2664228975772858
   -0.1125771403312683  -0.3319830298423767   0.1576932519674301
   -0.1059452593326569  -0.3179865777492523  -0.1484421044588089
   -0.1374383568763733  -0.0763913840055466  -0.3722322583198547
   -0.2237033843994141  -0.2117113322019577   0.2273183166980743
   -0.3823604881763458   0.0706349164247513   0.0836000517010689
   -0.3562410175800324   0.0072167105972767  -0.1602718085050583
   -0.1869068145751953   0.3197704851627350   0.0787620246410370
   -0.0595074221491814   0.3516495525836945  -0.1591081172227860
    0.1478823721408844  -0.1032696887850761   0.3131679296493530
   -0.3257021009922028  -0.1537395119667053  -0.1613998264074326
    0.1061134487390518  -0.3710741996765137   0.0824000984430313
    0.0553083084523678   0.2639700472354889  -0.3006642162799835
    0.1786422431468964  -0.2484409511089325   0.2213802933692932
   -0.2114801257848740   0.1091885641217232   0.3323567509651184
    0.2554580569267273  -0.3010064661502838   0.0826026797294617
    0.0330628789961338   0.2325672060251236  -0.3282926678657532
    0.1062905415892601  -0.1109917610883713  -0.3373462557792664
   -0.3380686044692993   0.0755993574857712   0.2036828398704529
   -0.0323904082179070   0.3602882027626038   0.1182236745953560
    0.2506778836250305  -0.3289250433444977  -0.0427213273942471
   -0.1140106618404388   0.3595195710659027  -0.1229007244110107
   -0.1357874870300293  -0.3645108342170715  -0.0809988155961037
   -0.1073993295431137  -0.2676406800746918   0.2606628239154816
    0.2554237246513367   0.2741399407386780  -0.0783802941441536
   -0.2364856451749802   0.1329734623432159   0.3048379123210907
    0.2791054546833038   0.1995611041784287   0.1973078399896622
   -0.1023098751902580   0.0096576921641827  -0.3671419620513916
    0.0704095736145973  -0.2362555861473084  -0.2727356851100922
    0.0810495465993881  -0.3692750334739685   0.1229784786701202
   -0.1257894337177277   0.3767496347427368  -0.0007278494304046
   -0.2648563981056213   0.2248310744762421   0.2040091305971146
    0.0088671101257205  -0.1080870479345322   0.3410976529121399
    0.1450513899326325  -0.3601243495941162  -0.0804617628455162
    0.1535980850458145  -0.1062720790505409  -0.3206361532211304
    0.3444794118404388   0.2026070952415466   0.0426081046462059
    0.1556558459997177  -0.1641007214784622  -0.3063236773014069
   -0.1643766611814499   0.3632032275199890  -0.0008011562167667
   -0.2781118452548981  -0.2212678790092468  -0.1580391824245453
    0.2131542712450028   0.1947398483753204  -0.2599447071552277
    0.2070112228393555  -0.3404462039470673   0.0422770120203495
    0.3762476146221161   0.1118301004171372  -0.0807068422436714
   -0.3915282785892487   0.0288406834006310  -0.0840160027146339
    0.2773485183715820  -0.2376187294721603  -0.1168788149952889
    0.3076125681400299  -0.2364546358585358  -0.0793088972568512
   -0.1694296002388001   0.2451242953538895  -0.2217627763748169
   -0.3769563436508179   0.0653010830283165   0.1256465017795563
    0.1969805210828781   0.3303573429584503  -0.0804335325956345
    0.2689715027809143   0.0872831717133522  -0.2509891390800476
   -0.3975682258605957   0.0346421264111996   0.0004080113722011
    0.1724058240652084   0.2674485743045807  -0.2313853204250336
    0.0159435123205185   0.3186746537685394  -0.2334344536066055
   -0.2761419713497162  -0.1485234797000885  -0.2300731390714645
    0.3450804650783539   0.2026614546775818  -0.0003264595288783
   -0.1895447671413422  -0.0045030154287815   0.3399668335914612
    0.0615057758986950   0.1886780709028244   0.3462188243865967
   -0.2583191692829132  -0.0757489800453186  -0.3031279742717743
   -0.1250058412551880   0.2569109797477722  -0.2591055929660797
   -0.3787611126899719   0.1170515716075897  -0.0001623421558179
    0.0626112893223763   0.3534156382083893  -0.1592870205640793
    0.3146508336067200  -0.1102102249860764  -0.1896048039197922
   -0.3621561527252197  -0.0986996442079544  -0.1228399276733398
    0.1155024468898773  -0.0143784359097481   0.3599438667297363
   -0.1540497094392777  -0.2013195455074310   0.2823852300643921
   -0.2457004487514496   0.2672965228557587   0.1190685853362083
    0.0903116315603256   0.1363445371389389  -0.3765287995338440
    0.1162495017051697   0.3239488005638123   0.1120952293276787
    0.1311558037996292  -0.3730452656745911   0.0419867336750031
   -0.2844107151031494   0.0729852169752121   0.2677116096019745
   -0.0880050063133240   0.4006429016590118  -0.0432636514306068
   -0.0320726148784161   0.1558539122343063  -0.3606592416763306
    0.1275937408208847   0.1149374097585678   0.3817271292209625
   -0.1052242219448090   0.2336982190608978  -0.2873868644237518
    0.0611515901982784  -0.1705080121755600   0.3130676448345184
    0.0224634874612093   0.1949584037065506   0.3489314317703247
    0.2625538110733032   0.2264350801706314  -0.1531474143266678
   -0.3427831232547760  -0.1703063845634460   0.0807751342654228
    0.1639476269483566   0.1203019618988037  -0.3502485454082489
    0.3170319795608521   0.2347603291273117   0.0004803616902791
    0.1226554289460182  -0.3269095718860626  -0.1538468748331070
   -0.0753475204110146  -0.4016250967979431   0.0000654061077512
    0.1650275886058807   0.1215950548648834   0.3543871641159058
   -0.0193685833364725  -0.0764395073056221  -0.3715928196907044
    0.2900483906269074  -0.3087886273860931  -0.0435150004923344
    0.2849849462509155  -0.1851814836263657   0.1950575709342957
   -0.2416706383228302  -0.3497997820377350  -0.0448034256696701
   -0.1367933303117752   0.2086065560579300  -0.2854940593242645
   -0.0440269075334072   0.3914527297019959   0.0418262630701065
    0.0416913479566574   0.3712058663368225   0.0782937854528427
    0.1755917668342590   0.3086147606372833  -0.1573127210140228
   -0.1816353350877762   0.1982907801866531   0.3020862638950348
   -0.3087296783924103   0.1604834794998169  -0.1555481553077698
    0.0338079333305359  -0.2473695874214172  -0.2764740884304047
   -0.0836508721113205  -0.2371485680341721   0.2789227068424225
   -0.0164145678281784  -0.3950796425342560  -0.0824360549449921
   -0.0645640417933464  -0.2233693599700928  -0.3199891746044159
   -0.0454196929931641  -0.2938013076782227  -0.2162455767393112
    0.4044106304645538   0.0911904424428940   0.0002687089145184
   -0.2452640682458878   0.2669658958911896  -0.1186040714383125
   -0.2750249505043030  -0.0104372752830386   0.2510247528553009
   -0.3607547283172607   0.0492306575179100   0.1638087630271912
   -0.1700014770030975  -0.0800324007868767   0.3366889357566834
   -0.3050343096256256  -0.2879290878772736  -0.0443057939410210
    0.3047465384006500   0.1113518625497818   0.2346266359090805
   -0.1653621345758438   0.2415043264627457   0.2687143683433533
   -0.2185556292533875   0.2380341589450836   0.2375214397907257
    0.0002156651898986  -0.3740981519222260  -0.1207633540034294
   -0.2563267946243286   0.2787475883960724   0.0806006863713265
   -0.2731093168258667   0.0700674951076508  -0.2571202516555786
   -0.3398011624813080  -0.0727723315358162   0.1558640599250794
   -0.3122935593128204   0.0527872107923031   0.2335010468959808
   -0.1018458083271980  -0.2071487009525299  -0.3237036168575287
    0.1983941346406937   0.3494582474231720  -0.0416250228881836
   -0.0286175198853016   0.2647200524806976  -0.2975996732711792
    0.2253054827451706   0.3162836134433746  -0.0403354540467262
    0.3610681295394898   0.1521202772855759  -0.0806341245770454
    0.0151772787794471  -0.2236484885215759  -0.3066040277481079
   -0.2983109951019287   0.1376704275608063   0.2426224201917648
   -0.2316286265850067   0.1885028630495071   0.2745713293552399
   -0.3198523521423340   0.2264229953289032   0.0416715666651726
    0.1214775592088699   0.0264609288424253   0.3701626360416412
    0.3519156277179718   0.1343931555747986   0.1221121773123741
    0.0070439046248794   0.3756822645664215  -0.1226738840341568
    0.0517076551914215  -0.3976756334304810   0.0425837859511375
   -0.2198115885257721   0.2983188033103943   0.0797459706664085
   -0.0867968872189522   0.2741343975067139  -0.2629724442958832
    0.3995703756809235  -0.1221569702029228  -0.0430148616433144
   -0.1509139686822891  -0.1984270215034485  -0.2810432910919190
    0.3600819408893585  -0.1992020756006241   0.0005873800255358
    0.3180100023746491   0.2355278730392456   0.0419759377837181
    0.3854224085807800   0.0730650722980499   0.0826355442404747
    0.2613705098628998  -0.0091581474989653   0.2866023182868958
    0.1706589460372925  -0.3612289428710938   0.0002921432023868
   -0.0988065525889397  -0.3794567286968231  -0.0813699066638947
    0.1572839617729187   0.3586657941341400  -0.0000217006163439
   -0.0799396112561226  -0.3637062311172485   0.1215088292956352
    0.0031672627665102   0.3759246766567230   0.0798151418566704
   -0.3092030882835388  -0.1461178213357925   0.1531490832567215
    0.2275600731372833   0.0119017949327827   0.3144233822822571
    0.2662419378757477   0.2289921939373016   0.1573038995265961
    0.1452684253454208  -0.1532757580280304   0.2874069511890411
   -0.3687213957309723   0.1095484420657158   0.0827231630682945
    0.0810661166906357   0.3581451475620270   0.0774460658431053
    0.1255375444889069   0.3959859907627106  -0.0431859791278839
   -0.0832237824797630  -0.2395706623792648  -0.2844755649566650
   -0.2640182673931122  -0.0330738872289658  -0.3012915551662445
   -0.0636966526508331   0.0210275165736675   0.3828701078891754
   -0.0908676162362099   0.1599745899438858  -0.3350762128829956
   -0.0491446107625961  -0.3122363090515137   0.2301381230354309
    0.0033165186177939   0.3977955281734467  -0.0837100371718407
    0.1913915872573853  -0.0968101546168327   0.2913317382335663
   -0.2039721459150314   0.3458652794361115  -0.0422913394868374
   -0.2339713722467423   0.0855156779289246  -0.2821519672870636
   -0.1627766340970993   0.1174085438251495   0.3599801361560822
    0.1279591321945190   0.3570922315120697  -0.1226258203387260
    0.0103037133812904   0.1562272757291794  -0.3649698495864868
   -0.0188574660569429  -0.0727986469864845   0.3557829558849335
    0.1193260848522186   0.2776102423667908  -0.2709004282951355
    0.3599155247211456  -0.1719727218151093   0.0841547474265099
    0.2721797227859497  -0.0694803595542908  -0.2487561106681824
    0.0948351174592972  -0.3365340232849121   0.2015082091093063
    0.2991573214530945   0.0097045758739114   0.2671407461166382
   -0.2110390961170197  -0.3287191689014435   0.0825320184230804
    0.3012219965457916  -0.1775068342685700  -0.1530209481716156
   -0.2588464915752411   0.2225079238414764  -0.1527098268270493
   -0.3354942202568054  -0.2157061398029327  -0.0844794511795044
   -0.3387777209281921  -0.0094170300289989  -0.1990924477577210
   -0.1209418401122093   0.3712116479873657  -0.0825708359479904
   -0.1558910161256790   0.3506129086017609  -0.0810486674308777
   -0.3793901205062866  -0.0179056078195572   0.1246775612235069
    0.2763166427612305  -0.0705184936523438   0.2543034553527832
    0.2171320170164108  -0.3210077285766602   0.0819091200828552
    0.2484440803527832  -0.3260693252086639   0.0010492914589122
   -0.3429200053215027  -0.2081871926784515   0.0428711026906967
   -0.2838884592056274  -0.0963420942425728  -0.2727046012878418
   -0.0082997633144259   0.2278295010328293   0.3152469396591187
   -0.1072664931416512   0.2958087027072907   0.2314788252115250
    0.3367646634578705  -0.1813683211803436   0.1239132806658745
    0.3596977591514587   0.0528558939695358   0.1616947203874588
   -0.0248725228011608   0.0296543501317501   0.3743467926979065
   -0.3943475186824799  -0.0126197431236506   0.0840908363461494
    0.3829114139080048  -0.0248471107333899  -0.1227309703826904
   -0.2356926947832108   0.1414994448423386  -0.2505657076835632
   -0.3204461932182312  -0.2441456615924835   0.0428089350461960
    0.1278783380985260   0.1144775301218033  -0.3798077702522278
    0.3917330503463745   0.1318396627902985   0.0002762529184110
    0.3105585277080536   0.2033681422472000   0.1203699707984924
   -0.0673055201768875   0.1347736716270447  -0.3557381629943848
   -0.3504272699356079  -0.1383098512887955  -0.1239544525742531
    0.0778704285621643   0.2886285781860352  -0.2713178098201752
    0.3526510298252106  -0.1436779052019119   0.1240794137120247
   -0.1994658410549164  -0.3658094108104706  -0.0000142463804877
    0.1219456642866135   0.3844195306301117  -0.0009019420249388
   -0.1820218265056610  -0.1715605109930039  -0.2868625521659851
    0.3166235685348511   0.1664210408926010   0.1599074900150299
    0.3159507215023041  -0.2731549143791199  -0.0430757068097591
    0.2003877013921738  -0.2122358530759811  -0.2593118548393250
    0.3038967549800873   0.1604272127151489  -0.1512079089879990
    0.2440447956323624   0.1661941707134247   0.2642720043659210
    0.0574690364301205  -0.0584664642810822  -0.3699232637882233
   -0.3261825144290924  -0.1097882091999054   0.1540013849735260
   -0.0758827701210976  -0.4060051143169403  -0.0431899651885033
    0.0779353827238083   0.3803260922431946   0.0414153411984444
   -0.1366905868053436   0.0876375436782837   0.3852252066135407
   -0.2373958677053452   0.2583421468734741   0.1584631055593491
   -0.1986239105463028  -0.1875344067811966  -0.2501844167709351
    0.0723610296845436   0.3110221922397614   0.1847147494554520
   -0.2677028775215149   0.2321335226297379   0.1606912016868591
   -0.0734644681215286   0.3664744794368744  -0.1223153471946716
   -0.3546008765697479   0.1519131213426590   0.0410428158938885
   -0.1884920150041580  -0.0047476626932621  -0.3415005207061768
   -0.2619841992855072   0.1570086926221848   0.2781186401844025
   -0.3298451900482178  -0.0915108993649483  -0.2008689194917679
   -0.1691541522741318   0.3006376028060913   0.1557012349367142
   -0.0068381936289370  -0.2521860003471375   0.2787451446056366
   -0.3415925204753876   0.1307828575372696   0.1656828969717026
    0.3377400338649750  -0.1067576408386231  -0.1543539464473724
    0.3636257350444794  -0.2010688185691834  -0.0427924767136574
   -0.1537473946809769  -0.3329201340675354  -0.1190461516380310
   -0.1498625278472900   0.3362195491790772   0.0785914510488510
   -0.3967989981174469  -0.0925518572330475   0.0433021113276482
    0.3151546716690064   0.2199780642986298   0.0816844925284386
   -0.2115621715784073   0.1666195094585419   0.3054129183292389
   -0.3242101669311523  -0.2088213860988617   0.0816995874047279
   -0.0671226605772972   0.3095252215862274  -0.2318568676710129
   -0.3604865372180939   0.1514234542846680  -0.0835336148738861
   -0.3629720509052277   0.1043297871947289   0.1247968450188637
    0.0708895251154900  -0.0199971105903387  -0.3779201805591583
   -0.3764877617359161  -0.0178415514528751  -0.1235112994909287
    0.1068129539489746  -0.0532794743776321  -0.3652846813201904
    0.1563046276569367  -0.0049461056478322   0.3564318716526032
    0.3759433031082153  -0.1341526657342911   0.0841909646987915
    0.1096610426902771   0.2554110288619995   0.2500726580619812
    0.2129028141498566  -0.3501902818679810  -0.0421331599354744
    0.0811627432703972  -0.3689945340156555  -0.1216775849461556
   -0.1295627057552338  -0.1529207229614258  -0.3530198633670807
    0.0873239114880562   0.3878441154956818  -0.0833863168954849
    0.1952842026948929   0.1781710386276245  -0.2942974269390106
   -0.1176526397466660  -0.3952596485614777   0.0001944774994627
    0.3772023618221283  -0.1599534302949905   0.0434260964393616
   -0.1190446019172669  -0.2228674143552780   0.2835171818733215
    0.0545755736529827  -0.2854541242122650   0.2610711753368378
    0.0126149207353592   0.2530095577239990   0.2841328978538513
    0.2239888310432434  -0.2964047491550446   0.1205334886908531
   -0.0248082317411900  -0.2242023944854736  -0.3143385350704193
    0.2833878695964813   0.1477120220661163   0.2319245487451553
    0.4017764329910278  -0.0094954026862979  -0.0830231979489327
   -0.1908827871084213   0.0381949506700039   0.3469676077365875
   -0.0587819404900074  -0.0882606208324432  -0.3700641691684723
    0.3487199246883392  -0.0342029333114624   0.2010381817817688
   -0.3961882591247559   0.0775687098503113  -0.0427102372050285
   -0.2486362755298615   0.0487153008580208  -0.2867123782634735
    0.1605472862720490  -0.3146034479141235   0.1572652906179428
    0.2596192061901093  -0.2462172210216522   0.1582057625055313
   -0.1969292163848877   0.2743065357208252   0.1980772763490677
   -0.3736529648303986   0.0233948584645987  -0.1234100013971329
    0.3724963068962097   0.0562830828130245   0.1220516711473465
    0.2285347431898117  -0.1260724514722824  -0.2846659719944000
   -0.0555167794227600  -0.3835453093051910  -0.0805177688598633
   -0.1946030557155609   0.3301457464694977   0.0407296307384968
   -0.0879662930965424   0.2731532752513886   0.2628980576992035
    0.1739940941333771   0.1578313261270523  -0.3246138691902161
   -0.2053538858890533  -0.1951521188020706   0.2597674131393433
    0.2518089115619659   0.2702218890190125   0.0787789225578308
    0.3312329649925232  -0.1478213071823120   0.1608620285987854
    0.3718344271183014  -0.0647184774279594   0.1229231730103493
   -0.1355535537004471  -0.3629366457462311   0.0818280428647995
   -0.0261855777353048   0.3085261583328247   0.2269338816404343
    0.2443813234567642   0.1106771752238274   0.2977805733680725
    0.0282123200595379   0.0783358365297318  -0.3890304565429688
   -0.3684530556201935  -0.1735686957836151  -0.0000137688102768
    0.2473363578319550  -0.0487647131085396  -0.2755981087684631
   -0.3042480051517487   0.2122071087360382  -0.1214921176433563
    0.0836887061595917   0.4026654660701752  -0.0006976184085943
    0.3815816640853882  -0.1618249863386154   0.0006718858494423
    0.0153645649552345   0.0386113300919533   0.3721284568309784
    0.1739930957555771  -0.3672629594802856  -0.0420618765056133
    0.2346974015235901   0.2547864317893982   0.1542345732450485
    0.3251352310180664  -0.1139139831066132   0.1976592242717743
    0.2049488872289658   0.2426806390285492  -0.2297644615173340
   -0.2906223833560944  -0.0539568103849888  -0.2719679176807404
    0.1824693381786346   0.0820578336715698   0.3471920192241669
   -0.0500043854117394   0.0571195147931576  -0.3719462454319000
   -0.3300096988677979   0.2335820496082306  -0.0427269563078880
   -0.3405842483043671  -0.0510252416133881  -0.2007028609514237
   -0.2683156430721283   0.1774889528751373  -0.1875903010368347
    0.1093899607658386  -0.2840357422828674  -0.2201373726129532
   -0.3023080527782440   0.2658233940601349  -0.0427544675767422
    0.2203712910413742   0.2924343645572662   0.0778245255351067
    0.1179043278098106   0.3713791370391846   0.0413420982658863
   -0.3184285461902618  -0.0311950258910656  -0.2353616654872894
   -0.3377228677272797   0.1857707947492600  -0.0822984129190445
    0.0267130173742771  -0.1876024603843689  -0.3263528347015381
    0.2774706482887268  -0.1801558434963226  -0.1882665157318115
    0.0434348359704018  -0.0939758718013763  -0.3557474911212921
    0.1165000796318054   0.3191946446895599  -0.1969395428895950
   -0.0854220539331436  -0.1600564718246460   0.3195928931236267
    0.0902903378009796   0.2372459024190903   0.2833631932735443
    0.0321321934461594  -0.3000588715076447  -0.2181966751813889
   -0.1261595338582993  -0.2840891480445862   0.2269013822078705
   -0.0676696002483368  -0.2788677513599396   0.2616339325904846
    0.1863213926553726   0.3124249875545502   0.0768236517906189
    0.2297938019037247   0.2090276032686234  -0.2254853546619415
   -0.1551838517189026   0.0060673677362502   0.3690556287765503
   -0.3800857365131378  -0.0958096459507942  -0.0832083374261856
   -0.2889069020748138  -0.0676852390170097   0.2184618413448334
   -0.0603104680776596  -0.2078411877155304   0.2987875938415527
    0.2524464130401611  -0.0096370894461870  -0.2770996093750000
    0.2087297439575195  -0.3432742953300476   0.0002229978708783
    0.1694970577955246  -0.3573311567306519   0.0422113314270973
   -0.0400056019425392  -0.1416733413934708   0.3317512571811676
   -0.3789252042770386   0.0235855840146542   0.1254189908504486
    0.0096891717985272  -0.3990768492221832   0.0426189377903938
    0.2183638215065002   0.2540104091167450   0.1929472386837006
   -0.3474230170249939  -0.2106707096099854  -0.0000277658018604
    0.3675220906734467  -0.1054221466183662   0.1238456368446350
   -0.0733521953225136  -0.0182256735861301   0.3702631294727325
   -0.2607058584690094   0.0082361204549670  -0.2939339280128479
   -0.1407517343759537   0.2722315192222595  -0.2249383181333542
   -0.0829092264175415  -0.2819708287715912  -0.2142791301012039
   -0.0590196102857590   0.1836532056331635  -0.3386065065860748
   -0.3512727916240692  -0.0748786479234695  -0.1616463214159012
   -0.0017741993069649   0.4082383215427399  -0.0008784129749984
   -0.3423697054386139   0.1927842497825623  -0.0008426264976151
    0.2255621552467346   0.0500484742224216  -0.3125264942646027
   -0.1149776950478554   0.3530748784542084   0.0789721310138702
   -0.3313371539115906   0.1272943168878555  -0.1586785167455673
    0.1628737896680832   0.2029068320989609   0.2888990044593811
    0.0774243548512459   0.0965052247047424   0.3849621415138245
   -0.0337809845805168   0.3761872053146362  -0.1227272897958756
    0.0914263129234314  -0.2680795788764954   0.2566702067852020
   -0.2493181079626083   0.2082576453685761   0.2397760152816773
    0.0521065294742584   0.2482298165559769   0.2843473553657532
    0.2081634700298309   0.2844897210597992  -0.1558270007371903
   -0.0063318875618279   0.2962047755718231  -0.2699741125106812
   -0.2646788358688355  -0.3083871603012085   0.0431790500879288
   -0.0403482131659985   0.3962681293487549  -0.0837501138448715
    0.2657095193862915   0.0307827889919281   0.2955130338668823
   -0.1482701897621155   0.3372493088245392  -0.1208796426653862
   -0.3426318466663361   0.0874440446496010  -0.1585506051778793
   -0.3639768362045288  -0.1358295232057571   0.0826636329293251
   -0.1794715821743012  -0.3548644483089447  -0.0824915841221809
   -0.0436979420483112   0.1118485927581787   0.3840846717357636
   -0.4078637659549713  -0.0073225847445428   0.0002751871361397
    0.2837839126586914   0.2588109672069550   0.0409571379423142
    0.0058668665587902  -0.3482542037963867  -0.1531682163476944
   -0.1084544137120247   0.3420085310935974   0.1174107939004898
    0.4110695421695709   0.0926942825317383  -0.0432455651462078
   -0.1050538644194603   0.2912433147430420  -0.2270555347204208
   -0.0055022323504090  -0.2511909306049347  -0.2791152596473694
    0.0199250765144825   0.3382971584796906   0.1527730226516724
    0.0267634540796280  -0.3938280940055847  -0.0823262780904770
   -0.1308959871530533  -0.0706495270133019   0.3522026240825653
    0.1267750263214111   0.3766125440597534  -0.0829403921961784
   -0.0861109271645546   0.3283254206180573   0.1971522271633148
   -0.0321603640913963  -0.3418395221233368  -0.1514218896627426
   -0.2576699554920197   0.2802865505218506  -0.0801347643136978
    0.2501219213008881  -0.0493150427937508   0.2803543210029602
   -0.1849147677421570   0.0791110992431641   0.3562603890895844
    0.3909586071968079  -0.0518082976341248   0.0831677094101906
    0.0882100537419319   0.3667365610599518  -0.1228415742516518
   -0.0675873085856438   0.2524255812168121  -0.2930515408515930
    0.3417743742465973  -0.2382490187883377  -0.0426822938024998
    0.2371780276298523   0.2572190165519714  -0.1547822356224060
   -0.2966765463352203   0.1959713101387024   0.2073136866092682
   -0.2979125380516052   0.2628670036792755  -0.0004243784642313
    0.0693820118904114   0.0883391052484512  -0.3848793208599091
    0.3145474791526794  -0.2717251181602478   0.0008208920480683
   -0.0147176505997777  -0.1915301382541657  -0.3391196429729462
   -0.0973475649952889   0.0507669784128666  -0.3589360117912293
    0.1285487264394760  -0.2511066198348999   0.2527225911617279
   -0.1953231841325760  -0.3582759201526642   0.0433451347053051
   -0.3405113816261292   0.0327000878751278   0.1996742635965347
   -0.0704578831791878  -0.3348984122276306   0.1980772316455841
   -0.1508214622735977  -0.3196551203727722   0.1582580059766769
   -0.0079720942303538  -0.3209124505519867   0.2327707409858704
    0.0101575292646885  -0.4113673269748688  -0.0428747832775116
    0.0748433917760849  -0.3115013241767883   0.2316168993711472
    0.3527259230613709   0.0103962086141109  -0.1539825648069382
   -0.2813396155834198  -0.2381349205970764   0.1207884699106216
   -0.0441215708851814  -0.2491029947996140   0.2808008491992950
   -0.4010989964008331   0.0351142250001431  -0.0428218245506287
   -0.2140291482210159   0.2334119975566864  -0.1844251155853272
   -0.2136219590902329  -0.2704737186431885  -0.1521659940481186
   -0.3754130303859711   0.1114996671676636  -0.0839604809880257
    0.3233538269996643   0.0296153835952282   0.2343094795942307
   -0.0648156553506851  -0.3107893764972687  -0.1828633546829224
    0.1625478267669678   0.3743411898612976  -0.0425974428653717
   -0.0319978408515453  -0.4002858698368073   0.0426332987844944
    0.1896474212408066   0.2295363098382950  -0.2659830451011658
    0.0140143521130085   0.2682383954524994  -0.2994078397750855
    0.0633394792675972  -0.1756911426782608  -0.3212266564369202
   -0.1446797847747803   0.2789832353591919   0.2304702103137970
   -0.0820386558771133  -0.1369544416666031  -0.3739053010940552
    0.2541392743587494   0.1249117031693459  -0.2542355358600617
    0.0770142003893852   0.3306737244129181  -0.1956045329570770
    0.3850117623806000   0.1300388425588608   0.0433195494115353
   -0.3490054309368134   0.1435556411743164  -0.1236529424786568
    0.3233772814273834   0.1295464783906937   0.2001005262136459
   -0.1529240608215332  -0.0364812240004540   0.3601995706558228
   -0.2732726931571960   0.1256895512342453  -0.2213936895132065
   -0.0353493466973305  -0.3579775989055634   0.1612586230039597
    0.3434118330478668  -0.2394222021102905   0.0443972647190094
   -0.0992141813039780   0.3414779007434845  -0.1584640741348267
    0.1492324620485306  -0.0454865619540215   0.3432771563529968
   -0.1008615493774414  -0.2529375255107880  -0.2453598529100418
    0.0443478934466839   0.3951632082462311  -0.0830549746751785
    0.0852606222033501  -0.3422080278396606  -0.1546698808670044
    0.2130733132362366   0.1934678703546524   0.2605096995830536
    0.3448645174503326   0.0505785197019577  -0.1517361998558044
   -0.1547308564186096  -0.3345538079738617   0.1204485595226288
   -0.0327209755778313  -0.4089803099632263   0.0002248182863696
   -0.0281705930829048   0.2571246325969696   0.2895547151565552
   -0.2174006700515747   0.0681433603167534   0.3233430981636047
   -0.0105785354971886   0.0673245564103127  -0.3778135478496552
   -0.0590802952647209   0.3430387973785400   0.1571813821792603
   -0.4103948771953583  -0.0511486865580082   0.0003397561376914
   -0.1168992295861244   0.0154499197378755   0.3791776895523071
   -0.2910274565219879   0.2561895847320557   0.0414405055344105
   -0.1817507445812225   0.2578640282154083   0.2340028584003449
   -0.2982781231403351   0.2025756686925888   0.1633048653602600
    0.0145296324044466   0.3067517876625061   0.2239404916763306
   -0.1457221508026123  -0.3023104369640350   0.1946567445993424
    0.3497396111488342   0.0077720531262457   0.2022469043731690
   -0.3123533129692078  -0.0736929178237915  -0.2367608249187470
   -0.2452041059732437  -0.3022770881652832   0.0821105167269707
    0.1051562055945396   0.0667455568909645   0.3818204700946808
    0.0954067930579186  -0.4021256864070892  -0.0429487042129040
    0.2898592650890350  -0.2784065902233124   0.0846336036920548
    0.3614906668663025  -0.0291827879846096   0.1608867496252060
   -0.3597861528396606   0.1037421673536301  -0.1234216541051865
    0.4178538322448731   0.0493500269949436  -0.0433909744024277
   -0.0828978344798088   0.3778888583183289   0.0413147397339344
   -0.2281378507614136  -0.0134194931015372  -0.3243587911128998
   -0.0162827540189028  -0.3933674395084381   0.0835836902260780
   -0.3859037756919861   0.0755544006824493   0.0418121442198753
    0.3742685317993164   0.1118406280875206   0.0824886932969093
    0.2018953710794449   0.1278858184814453   0.3260609209537506
    0.1653423011302948   0.2906759679317474   0.1491108387708664
    0.0566305704414845   0.3151769936084747  -0.2337424457073212
    0.0926546752452850  -0.3930339813232422  -0.0002979767450597
   -0.0027819096576422   0.3948778808116913   0.0421660356223583
   -0.3254368901252747   0.0715582892298698  -0.1958866417407990
   -0.1161638125777245  -0.3902758955955505   0.0432584360241890
   -0.0875927507877350   0.2144292443990707   0.3216974437236786
    0.1066999062895775   0.0661670267581940  -0.3867134153842926
   -0.3363737165927887   0.1886740177869797   0.0412479676306248
    0.2518850564956665   0.0294417664408684  -0.2795734107494354
   -0.1374511569738388   0.1507374346256256   0.3596045374870300
   -0.0261539909988642  -0.2775130867958069  -0.2501357197761536
    0.1644778847694397  -0.2313726395368576  -0.2550278007984161
    0.3754310309886932   0.1719843149185181  -0.0424168743193150
   -0.2636447548866272  -0.1430945098400116   0.2222882807254791
    0.0344149805605412  -0.2498801052570343   0.2779951691627502
   -0.3966806232929230   0.0341740511357784   0.0425638146698475
   -0.2145934998989105  -0.2019940167665482  -0.2185631841421127
    0.3126623332500458  -0.2144522815942764   0.1235677525401115
   -0.0737294107675552  -0.0186189431697130  -0.3743242919445038
    0.1047671213746071  -0.1097461506724358   0.3350434899330139
   -0.3841389417648315  -0.0548737794160843  -0.0826942697167397
    0.3896287977695465  -0.0930166840553284  -0.0825204774737358
   -0.0445335246622562  -0.1583255380392075  -0.3696524202823639
    0.3000460863113403   0.0272416099905968  -0.2157859653234482
    0.3476411402225494  -0.1100890189409256   0.1614025533199310
    0.3990643024444580  -0.0530121289193630  -0.0832008346915245
   -0.1579849720001221   0.0489195659756660   0.3792562186717987
   -0.3322991430759430  -0.0077395108528435   0.1955252289772034
   -0.2458948791027069  -0.0307153780013323   0.2808919250965118
   -0.2237783372402191  -0.1061149239540100   0.2816219925880432
   -0.2908160686492920  -0.2462497651576996  -0.1243039146065712
    0.0908349454402924   0.2826059460639954   0.2169166952371597
    0.2447053939104080  -0.3203844428062439   0.0429920777678490
    0.0092767318710685  -0.1134495362639427  -0.3586480021476746
    0.0133109539747238  -0.2872610986232758   0.2613389790058136
    0.1445456296205521  -0.2068270295858383  -0.2792549729347229
   -0.1830056905746460   0.3161131143569946  -0.1192841678857803
    0.3006845712661743  -0.0509247556328774  -0.2184147238731384
    0.1370044499635696   0.2910581827163696  -0.2335720807313919
    0.0523385182023048  -0.4026062190532684   0.0000974391005002
   -0.1605680882930756  -0.3851591944694519  -0.0437948256731033
    0.0398430228233337   0.4070285260677338  -0.0008302469504997
   -0.2242351323366165   0.0276166871190071   0.3158375620841980
    0.2921492457389832   0.0515124201774597   0.2675053477287293
    0.1666788309812546  -0.2943200767040253   0.1945851296186447
   -0.1799554824829102  -0.2804280817508698   0.1948892921209335
    0.1869591921567917  -0.0369122140109539   0.3259759843349457
    0.3120605051517487  -0.0523426756262779   0.2274534553289414
    0.2323525995016098   0.0518698096275330   0.3239944577217102
   -0.2327609062194824   0.2533331215381622   0.2004318833351135
   -0.1193982958793640  -0.2207276821136475  -0.2843067944049835
   -0.2652684450149536  -0.1961793005466461  -0.1916793733835220
    0.1243874207139015  -0.3353408575057983   0.1605665683746338
    0.3606725037097931   0.1518620103597641   0.0824616774916649
   -0.1545684486627579  -0.3712217509746552   0.0429354533553124
    0.1456210911273956   0.2868164479732513   0.1856226623058319
    0.1310025751590729   0.3055304586887360   0.1489479690790176
    0.2859559059143066  -0.3044133782386780   0.0006788302562200
    0.0221987552940846   0.1970738768577576  -0.3493775427341461
   -0.1077175661921501   0.2381652891635895   0.2931093275547028
    0.1532042622566223  -0.0467120409011841  -0.3503687083721161
   -0.1200477778911591  -0.1417426466941834   0.3262329697608948
   -0.1436287313699722  -0.3055941462516785  -0.1487319618463516
   -0.2846897840499878   0.0294353235512972  -0.2636453807353973
    0.1585736125707626  -0.3110406100749970  -0.1530821770429611
   -0.1138752922415733  -0.0275191478431225   0.3675523400306702
    0.1023243814706802  -0.0508025698363781   0.3502405285835266
    0.1355983614921570   0.1499632149934769   0.3511098325252533
    0.2229474782943726   0.1470165699720383   0.2952414751052856
    0.1773203462362289  -0.2454847693443298  -0.2197145670652390
    0.1952949166297913   0.0430953577160835  -0.3417290449142456
   -0.3787181675434113  -0.1315599977970123   0.0428363084793091
   -0.2930485308170319  -0.2766707539558411   0.0430647209286690
    0.1004297882318497   0.1743375658988953  -0.3516581356525421
    0.0886794999241829  -0.2015361934900284  -0.2994250357151032
   -0.3694942593574524  -0.0584232062101364  -0.1232432201504707
    0.0744814425706863   0.2290653437376022  -0.3305681347846985
    0.0582215338945389   0.3274372518062592   0.1487039625644684
   -0.3134592175483704  -0.2511906027793884  -0.0846770554780960
    0.2368476986885071  -0.0856281891465187  -0.2767363190650940
   -0.3703794777393341  -0.1381039917469025  -0.0839637741446495
   -0.1498949378728867   0.1645115911960602  -0.3104255199432373
   -0.0464539267122746   0.4119532406330109  -0.0434045381844044
    0.0402296520769596   0.1195533573627472   0.3840231001377106
    0.1701997667551041  -0.0710255727171898   0.3173933029174805
   -0.1830853223800659  -0.1755553930997849   0.2871967852115631
   -0.0851824730634689   0.3925552070140839  -0.0011425371048972
    0.2196640968322754   0.2551105618476868  -0.1927911490201950
    0.1734885424375534   0.1570820510387421   0.3248321413993835
   -0.1792100667953491  -0.2269557118415833   0.2621090710163117
   -0.2329679280519486  -0.1645486056804657   0.2592589259147644
    0.2210158109664917   0.3085014522075653   0.0003331405750941
    0.0905931591987610   0.1386965662240982   0.3828510940074921
    0.0709686875343323  -0.2938769757747650  -0.2177964299917221
   -0.2921596467494965   0.0900744646787643  -0.2248176038265228
   -0.4028019011020660  -0.0500640496611595  -0.0431407019495964
    0.2783581018447876   0.0088366726413369  -0.2467551678419113
    0.2958173155784607   0.0665541589260101  -0.2182866185903549
   -0.2295861095190048   0.3088097870349884   0.0411229506134987
    0.0407145768404007  -0.3723164796829224  -0.1214857697486877
    0.0540293119847775   0.0477977916598320   0.3814848661422730
   -0.1627900451421738  -0.2650747299194336   0.2288687676191330
   -0.3120878040790558   0.1103793680667877  -0.1931387335062027
   -0.3233695626258850   0.1763242185115814   0.1216149106621742
    0.1961620151996613   0.0435812920331955   0.3433027565479279
   -0.0980747118592262  -0.3768495321273804   0.0821650773286820
    0.0218261945992708   0.3561376035213471  -0.1587318927049637
    0.1927173435688019   0.0039136456325650   0.3361116051673889
   -0.1779761612415314   0.3073282241821289   0.1163768544793129
   -0.0745320916175842   0.1455842405557632   0.3855659663677216
    0.1872223615646362   0.2799651920795441  -0.1945599615573883
    0.1765210628509522  -0.0739366784691811  -0.3260573744773865
    0.1684113740921021   0.2091954350471497  -0.2964074015617371
   -0.0129463113844395  -0.1784178614616394   0.3142327964305878
   -0.1866334676742554   0.2039889246225357  -0.2515300810337067
    0.0532201603055000  -0.3434761166572571   0.2019439935684204
   -0.2030644863843918   0.2213528305292130   0.2731723189353943
    0.2818115949630737  -0.1271972805261612   0.2223812341690064
    0.2700339555740356   0.1413589119911194  -0.2210763096809387
   -0.1429886817932129  -0.2466640770435333   0.2607025206089020
    0.1653253138065338   0.0362093970179558  -0.3714983463287354
    0.2249356657266617  -0.1793796867132187  -0.2578679919242859
    0.3878615200519562   0.0307860225439072   0.0820425450801849
   -0.3893914222717285  -0.0555506274104118   0.0841029286384583
   -0.2290375977754593  -0.3319578468799591   0.0430740043520927
    0.3763155639171600  -0.0652676075696945  -0.1228913366794586
   -0.0045618899166584   0.3317266702651978   0.1922958642244339
    0.3449681103229523   0.2027309685945511  -0.0413395762443543
   -0.3350626826286316   0.1184552162885666   0.2073478698730469
   -0.3731269240379334  -0.1757599413394928  -0.0434798337519169
   -0.0539099127054215   0.0608714595437050   0.3957360684871674
   -0.3573431968688965   0.0487950854003429  -0.1617846190929413
    0.1257248967885971   0.0271204989403486  -0.3835915029048920
    0.0668220594525337  -0.3864847719669342   0.0833066925406456
   -0.4063635766506195  -0.0073094367980957  -0.0429736785590649
    0.1601109653711319  -0.2820748090744019  -0.1851679682731628
   -0.1995639652013779  -0.2416810095310211  -0.1816531270742416
   -0.2840347290039063  -0.2843195796012878  -0.0847155824303627
   -0.3853956460952759  -0.1342916488647461  -0.0433061756193638
   -0.3320105969905853  -0.2529008686542511  -0.0438838526606560
    0.3922491073608398  -0.1204032227396965   0.0005361252115108
   -0.0032366267405450  -0.1541784405708313  -0.3565067648887634
   -0.0453728660941124  -0.2503756582736969  -0.2850579917430878
    0.2018779367208481   0.2748900949954987   0.1530025899410248
   -0.3489585816860199   0.1465563625097275   0.0815374404191971
   -0.2344752401113510   0.3165266513824463  -0.0000616553516011
    0.2834281623363495  -0.3017200529575348   0.0439032614231110
   -0.2700814008712769  -0.3146356642246246  -0.0002436018112348
   -0.2273619025945664   0.1906381994485855  -0.2194340974092484
    0.2173410654067993   0.0900338962674141   0.3254148364067078
    0.2566381990909576  -0.2722208201885223   0.1220296919345856
    0.1474988162517548   0.1892646253108978  -0.3274576663970947
   -0.2237239480018616  -0.2939248383045197   0.1208719760179520
   -0.2475643754005432   0.0909463688731194   0.2995535135269165
   -0.1345901787281036   0.3221885263919830  -0.1557375490665436
    0.1466013342142105   0.0753439664840698  -0.3756530880928040
    0.3411449790000916  -0.2378161549568176   0.0009171337587759
   -0.1842973530292511  -0.2975107133388519   0.1574600487947464
    0.2847718298435211   0.2600294053554535  -0.0399174205958843
   -0.2197974175214768  -0.2772811055183411   0.1586940288543701
   -0.3362848758697510  -0.1769886165857315  -0.1241683587431908
    0.0527428984642029   0.1582125872373581  -0.3732488155364990
    0.0943636074662209   0.3176513910293579   0.1484639942646027
    0.3952074050903320   0.0309726558625698  -0.0815559253096581
    0.3315968811511993   0.0881673768162727  -0.1506633758544922
   -0.1281364560127258   0.2624971866607666   0.2651778161525726
   -0.1501999646425247  -0.2454362809658051  -0.2113454490900040
    0.2878717780113220  -0.0304472446441650   0.2608567178249359
    0.1526752561330795   0.3504793941974640   0.0407767444849014
   -0.1337992697954178  -0.2788695394992828  -0.1787328571081162
   -0.2144639045000076  -0.2589059770107269   0.1954016983509064
    0.3041557967662811  -0.0118126943707466  -0.2176154404878616
   -0.0082712797448039   0.2367526292800903  -0.3270333707332611
    0.1432440727949143  -0.3552595973014832   0.0811327323317528
    0.1908401697874069  -0.2876287996768951  -0.1516330987215042
    0.3111841380596161   0.2172383219003677  -0.0787689462304115
    0.1891483515501022   0.0016673811478540  -0.3309987783432007
    0.3705401122570038   0.1697652935981751   0.0432059355080128
    0.1634226888418198   0.2532444000244141   0.2205383628606796
   -0.2988867163658142  -0.0293108411133289   0.2209379822015762
    0.2497501820325851   0.2277115583419800   0.1959785968065262
   -0.3465349674224854   0.1425364613533020   0.1230552718043327
    0.1523473858833313   0.3278976082801819   0.0763419121503830
    0.0445560887455940   0.3468435108661652   0.1140938252210617
    0.1952191591262817  -0.2952376306056976   0.1575351953506470
    0.2670998275279999   0.1905330419540405  -0.1873623281717300
   -0.1589058190584183  -0.1236964762210846  -0.3551253378391266
    0.0893903523683548  -0.3155146241188049  -0.1877471208572388
    0.2864629626274109   0.2475150525569916  -0.0788361355662346
   -0.3761656582355499  -0.0946746319532394   0.0820404291152954
    0.2601289451122284   0.0728465765714645   0.2973007261753082
   -0.0965057387948036  -0.0671162828803062  -0.3754411339759827
    0.4219926893711090   0.0059491158463061  -0.0432424023747444
   -0.2006324976682663   0.3402453064918518  -0.0005244212225080
   -0.2140065580606461  -0.0926966518163681  -0.3301489651203156
   -0.1553211361169815  -0.0373314321041107  -0.3664403259754181
    0.0278055798262358   0.0791629627346993   0.3933672606945038
   -0.1192998439073563  -0.1153537705540657  -0.3773570060729981
   -0.3584844768047333  -0.0344535298645496  -0.1621495187282562
    0.2940886318683624   0.2009252458810806   0.1582719683647156
   -0.2392046302556992   0.3220357894897461  -0.0425336137413979
   -0.0490306168794632   0.2930534780025482  -0.2685210704803467
   -0.1612500399351120   0.2955453991889954   0.1959085315465927
   -0.2148556560277939  -0.3348886072635651  -0.0832994654774666
   -0.0639318972826004  -0.0886803716421127   0.3487232327461243
   -0.2312742620706558  -0.0547359213232994  -0.3317422568798065
    0.3734930455684662   0.0154269644990563  -0.1201938465237618
   -0.0967288166284561   0.3333359360694885   0.1563728898763657
    0.2811900079250336  -0.2705201208591461  -0.0797719731926918
   -0.2269523441791534  -0.2983889579772949  -0.1220305040478706
   -0.2451895028352737  -0.2439648956060410  -0.1529785245656967
   -0.0562447458505631  -0.3852588534355164   0.0824271366000176
   -0.1147627606987953  -0.0280296634882689  -0.3705464601516724
   -0.3132723569869995  -0.2113213092088699  -0.1240984797477722
    0.1113599613308907  -0.2931911647319794   0.2264094948768616
    0.3555253446102142  -0.0285688340663910  -0.1551970690488815
    0.0119207007810473  -0.3534105420112610   0.2042317539453507
    0.0142690064385533  -0.2146980166435242   0.2955093681812286
   -0.3094861507415772   0.0111728152260184   0.2267411947250366
    0.1624015420675278   0.3350518047809601  -0.1208741515874863
   -0.2725718915462494   0.2962909340858460  -0.0424779951572418
   -0.3507210314273834  -0.0330359265208244   0.1573771685361862
   -0.2505062818527222   0.0086295362561941   0.2844850122928619
    0.1335109174251556   0.2337596267461777  -0.2994330227375031
   -0.0454087443649769   0.4030589461326599  -0.0007295918185264
    0.3063417673110962   0.2003835439682007  -0.1174766272306442
   -0.1203887090086937   0.3059540688991547  -0.1921918094158173
   -0.1805719882249832  -0.2889838516712189  -0.1506052315235138
   -0.0191734246909618   0.3575077950954437  -0.1590636223554611
   -0.0029324397910386   0.4182318150997162  -0.0439857095479965
    0.1879154294729233  -0.0373717918992043  -0.3267484009265900
   -0.1198090016841888  -0.4024429917335510  -0.0437704659998417
    0.0849047452211380   0.0177577603608370  -0.3903745114803314
   -0.2955440878868103  -0.1837685108184815   0.1566435843706131
   -0.3573271334171295  -0.0972929596900940   0.1215465068817139
    0.1873866617679596   0.3297888338565826   0.0402312874794006
   -0.1473510116338730  -0.1140454784035683   0.3273984193801880
   -0.3743567764759064   0.0648153871297836  -0.1245374828577042
    0.2243915200233460  -0.2380925714969635  -0.1864172667264938
   -0.2876368463039398   0.2502744793891907  -0.0806655138731003
    0.3544299006462097  -0.1689518690109253  -0.0805372223258019
    0.3830022215843201  -0.0915995538234711   0.0830511674284935
    0.3305397927761078  -0.0324995480477810  -0.1888922601938248
    0.0363707728683949   0.3354361057281494  -0.1961407959461212
    0.0982512608170509   0.3041402399539948  -0.2334209084510803
   -0.3257447481155396  -0.2481603473424912  -0.0002791737497319
   -0.0916929543018341  -0.0619467571377754   0.3597215712070465
   -0.1611401140689850   0.1762303411960602   0.3327082693576813
    0.2197564393281937   0.1444080173969269  -0.2894685566425324
    0.3403137922286987  -0.2105842977762222   0.0841399878263474
    0.2640021443367004  -0.1637771129608154  -0.2230577766895294
   -0.0677210018038750   0.2491389364004135   0.2912833094596863
    0.1815365850925446  -0.3390684425830841   0.0811961889266968
    0.2209114283323288  -0.2920910418033600  -0.1174049824476242
   -0.3298987448215485   0.1822521984577179   0.0814714804291725
    0.0038842142093927  -0.0008259104797617  -0.3901741504669190
    0.2269071936607361   0.3020873367786408  -0.0799838379025459
    0.0837091654539108   0.4087671935558319  -0.0437180809676647
    0.3340247273445129  -0.2069395631551743  -0.0805997550487518
    0.3928716182708740   0.1324697136878967  -0.0427960380911827
    0.3401119709014893   0.1864257752895355   0.0818236544728279
   -0.3716372847557068   0.1140095889568329   0.0415838584303856
    0.1911246627569199   0.3364372551441193  -0.0004984518163837
   -0.3603640496730804   0.1543688923120499  -0.0006991985719651
   -0.0215087588876486   0.1965937763452530   0.3489193618297577
   -0.3381217420101166  -0.1145217046141625  -0.1604947298765183
    0.0968725532293320  -0.1570995748043060  -0.3249213993549347
    0.2385610342025757   0.1619922220706940  -0.2565993666648865
   -0.3229499757289887  -0.1699192225933075   0.1196902543306351
    0.0332835838198662  -0.3197873532772064   0.2329280525445938
   -0.0609300248324871   0.1890337169170380   0.3504799604415894
    0.4039635956287384  -0.0364996306598187   0.0432249940931797
   -0.1226236522197723   0.3674331009387970   0.0411628223955631
